01UN   53853    13012009002464280001191  500001              PRODUTOS DIVERSOS                            155611    847990901000             UND16787500         167875           0                2000000                0                0  2000000                0                0                0                N49
011    134791   22012009004729570001301  500001              PRODUTOS DIVERSOS                            155611    847990901000             UND1480000          14800            0                2000000                0                0  2000000                0                0                0                N49
011    134803   23012009004729570001301  500001              PRODUTOS DIVERSOS                            155611    847990901000             UND944000           9440             0                2000000                0                0  2000000                0                0                0                N49
012    19413    1501200900587739916   1  001001              SOJA EM GRAOS                                110113    120100901000             KGS1248248000       12482480         0                2000000                0                0  2000000                0                0                0                N49
012    19417    2001200900741464918   1  001001              SOJA EM GRAOS                                110113    120100901000             KGS69000000         690000           0                2000000                0                0  2000000                0                0                0                N49
01UN   2935     28012009009211170001081  500001              PRODUTOS DIVERSOS                            155611    847990901000             UND3640000          36400            0                2000000                0                0  2000000                0                0                0                N49
011    403125   08012009010096810003831  500001              PRODUTOS DIVERSOS                            210111    847990901000             UND36645000         366450           0                2000000                0                0  101200349000           41880            0                0                N49
011    403707   16012009010096810003831  500001              PRODUTOS DIVERSOS                            210111    847990901000             UND28772900         287729           0                2000000                0                0  101200285625           34275            0                0                N49
012    27315    22012009014082950001001  500001              PRODUTOS DIVERSOS                            155611    847990901000             UND10790100         107901           0                2000000                0                0  2000000                0                0                0                N49
012    27322    22012009014082950001001  500001              PRODUTOS DIVERSOS                            155611    847990901000             UND24486000         244860           0                2000000                0                0  2000000                0                0                0                N49
01UN   567      09012009017892580001811  500001              PRODUTOS DIVERSOS                            155611    847990901000             UND2500000          25000            0                2000000                0                0  2000000                0                0                0                N49
012    19420    2201200903253828913   1  001001              SOJA EM GRAOS                                110113    120100901000             KGS127495300        1274953          0                2000000                0                0  2000000                0                0                0                N49
012    19423    3001200903413749978   1  001001              SOJA EM GRAOS                                110113    120100901000             KGS32637000         326370           0                2000000                0                0  2000000                0                0                0                N49
01UN   291013   20012009034797600001111  500001              PRODUTOS DIVERSOS                            155611    847990901000             UND770000           7700             0                2000000                0                0  2000000                0                0                0                N49
01UN   291014   20012009034797600001111  500001              PRODUTOS DIVERSOS                            155611    847990901000             UND577500           5775             0                2000000                0                0  2000000                0                0                0                N49
01UN   291015   20012009034797600001111  500001              PRODUTOS DIVERSOS                            155611    847990901000             UND690200           6902             0                2000000                0                0  2000000                0                0                0                N49
01UN   288439   10012009043688980001061  500001              PRODUTOS DIVERSOS                            125211    847990901000             UND181300           1813             0                2000000                0                0  2000000                0                0                0                N49
01UN   288441   10012009043688980001061  500001              PRODUTOS DIVERSOS                            125211    847990901000             UND603600           6036             0                2000000                0                0  2000000                0                0                0                N49
01UN   857848   29012009043688980001061  500001              PRODUTOS DIVERSOS                            125211    847990901000             UND18037700         180377           0                2000000                0                0  102700174026           46987            0                0                N49
01UN   857850   29012009043688980001061  500001              PRODUTOS DIVERSOS                            125211    847990901000             UND238482200        2384822          0                2000000                0                0  1027001077512          290928           0                0                N49
011    2590     13012009044407240018551  003001              FARELO DE SOJA PELLE                         1152111   230400901000             KGS227220000        2272200          0                2000000                0                0  2000000                0                0                0                N49
011    2591     13012009044407240018551  003001              FARELO DE SOJA PELLE                         1152111   230400901000             KGS225480000        2254800          0                2000000                0                0  2000000                0                0                0                N49
011    2592     13012009044407240018551  003001              FARELO DE SOJA PELLE                         1152111   230400901000             KGS218760000        2187600          0                2000000                0                0  2000000                0                0                0                N49
011    2595     13012009044407240018551  003001              FARELO DE SOJA PELLE                         1152111   230400901000             KGS161460000        1614600          0                2000000                0                0  2000000                0                0                0                N49
011    2597     14012009044407240018551  003001              FARELO DE SOJA PELLE                         1152111   230400901000             KGS225720000        2257200          0                2000000                0                0  2000000                0                0                0                N49
011    2598     14012009044407240018551  003001              FARELO DE SOJA PELLE                         1152111   230400901000             KGS158160000        1581600          0                2000000                0                0  2000000                0                0                0                N49
011    2600     14012009044407240018551  003001              FARELO DE SOJA PELLE                         1152111   230400901000             KGS223260000        2232600          0                2000000                0                0  2000000                0                0                0                N49
011    2603     15012009044407240018551  003001              FARELO DE SOJA PELLE                         1152111   230400901000             KGS220680000        2206800          0                2000000                0                0  2000000                0                0                0                N49
011    2605     15012009044407240018551  003001              FARELO DE SOJA PELLE                         1152111   230400901000             KGS226260000        2262600          0                2000000                0                0  2000000                0                0                0                N49
011    2606     15012009044407240018551  003001              FARELO DE SOJA PELLE                         1152111   230400901000             KGS223500000        2235000          0                2000000                0                0  2000000                0                0                0                N49
011    2608     15012009044407240018551  003001              FARELO DE SOJA PELLE                         1152111   230400901000             KGS221280000        2212800          0                2000000                0                0  2000000                0                0                0                N49
011    2609     16012009044407240018551  003001              FARELO DE SOJA PELLE                         1152111   230400901000             KGS225660000        2256600          0                2000000                0                0  2000000                0                0                0                N49
011    2610     16012009044407240018551  003001              FARELO DE SOJA PELLE                         1152111   230400901000             KGS216000000        2160000          0                2000000                0                0  2000000                0                0                0                N49
011    2611     16012009044407240018551  003001              FARELO DE SOJA PELLE                         1152111   230400901000             KGS164880000        1648800          0                2000000                0                0  2000000                0                0                0                N49
011    2612     16012009044407240018551  003001              FARELO DE SOJA PELLE                         1152111   230400901000             KGS163920000        1639200          0                2000000                0                0  2000000                0                0                0                N49
011    2613     16012009044407240018551  003001              FARELO DE SOJA PELLE                         1152111   230400901000             KGS223620000        2236200          0                2000000                0                0  2000000                0                0                0                N49
011    2614     16012009044407240018551  003001              FARELO DE SOJA PELLE                         1152111   230400901000             KGS221460000        2214600          0                2000000                0                0  2000000                0                0                0                N49
011    2616     17012009044407240018551  003001              FARELO DE SOJA PELLE                         1152111   230400901000             KGS187920000        1879200          0                2000000                0                0  2000000                0                0                0                N49
011    2617     17012009044407240018551  003001              FARELO DE SOJA PELLE                         1152111   230400901000             KGS172800000        1728000          0                2000000                0                0  2000000                0                0                0                N49
011    2618     17012009044407240018551  003001              FARELO DE SOJA PELLE                         1152111   230400901000             KGS152220000        1522200          0                2000000                0                0  2000000                0                0                0                N49
011    2619     17012009044407240018551  003001              FARELO DE SOJA PELLE                         1152111   230400901000             KGS178080000        1780800          0                2000000                0                0  2000000                0                0                0                N49
011    2620     17012009044407240018551  003001              FARELO DE SOJA PELLE                         1152111   230400901000             KGS178140000        1781400          0                2000000                0                0  2000000                0                0                0                N49
011    2621     17012009044407240018551  003001              FARELO DE SOJA PELLE                         1152111   230400901000             KGS172260000        1722600          0                2000000                0                0  2000000                0                0                0                N49
011    2622     17012009044407240018551  003001              FARELO DE SOJA PELLE                         1152111   230400901000             KGS211140000        2111400          0                2000000                0                0  2000000                0                0                0                N49
011    2623     19012009044407240018551  003001              FARELO DE SOJA PELLE                         1152111   230400901000             KGS216600000        2166000          0                2000000                0                0  2000000                0                0                0                N49
011    2624     19012009044407240018551  003001              FARELO DE SOJA PELLE                         1152111   230400901000             KGS164640000        1646400          0                2000000                0                0  2000000                0                0                0                N49
011    2625     19012009044407240018551  003001              FARELO DE SOJA PELLE                         1152111   230400901000             KGS149940000        1499400          0                2000000                0                0  2000000                0                0                0                N49
011    2626     19012009044407240018551  003001              FARELO DE SOJA PELLE                         1152111   230400901000             KGS185700000        1857000          0                2000000                0                0  2000000                0                0                0                N49
011    2627     19012009044407240018551  003001              FARELO DE SOJA PELLE                         1152111   230400901000             KGS222120000        2221200          0                2000000                0                0  2000000                0                0                0                N49
011    2628     19012009044407240018551  003001              FARELO DE SOJA PELLE                         1152111   230400901000             KGS185340000        1853400          0                2000000                0                0  2000000                0                0                0                N49
011    2634     28012009044407240018551  002001              OLEO DE SOJA B. DEG.                         1152111   150710001000             KGS361600000        3616000          0                2000000                0                0  1018003616000          433941           0                0                N49
011    2637     29012009044407240018551  002001              OLEO DE SOJA B. DEG.                         1152111   150710001000             KGS355400000        3554000          0                2000000                0                0  1018003554000          426501           0                0                N49
011    2641     31012009044407240018551  500001              PRODUTOS DIVERSOS                            160511    847990901000             UND20621900         206219           0                2000000                0                0  2000000                0                0                0                N49
011    3476     16012009045075430001501  500001              PRODUTOS DIVERSOS                            155611    847990901000             UND9295000          92950            0                2000000                0                0  2000000                0                0                0                N49
011    3521     29012009045075430001501  500001              PRODUTOS DIVERSOS                            155611    847990901000             UND18700000         187000           0                2000000                0                0  2000000                0                0                0                N49
011    28074    12012009048146570001431  001001              SOJA EM GRAOS                                2907712   120100901000             KGS17556303500      175563035        0                2000000                0                0  101200175563035        21067564         0                0                N49
011    28085    14012009048146570001431  001001              SOJA EM GRAOS                                2907712   120100901000             KGS9993290000       99932900         0                2000000                0                0  2000000                0                0                0                N49
01UN   2456     21012009049492910001101  500001              PRODUTOS DIVERSOS                            155611    847990901000             UND4600000          46000            0                2000000                0                0  2000000                0                0                0                N49
01UN   2647     06012009050316630001971  500001              PRODUTOS DIVERSOS                            155611    847990901000             UND2875000          28750            0                2000000                0                0  2000000                0                0                0                N49
011    1910     09012009052650730001291  500001              PRODUTOS DIVERSOS                            155611    847990901000             UND1200000          12000            0                2000000                0                0  2000000                0                0                0                N49
01UN   180      19122008054131500001401  500001              PRODUTOS DIVERSOS                            155611    847990901000             UND950000           9500             0                2000000                0                0  2000000                0                0                0                N49
01UN   18399    14012009056112820001871  500001              PRODUTOS DIVERSOS                            155611    847990901000             UND3816000          38160            0                2000000                0                0  2000000                0                0                0                N49
01UN   18489    23012009056112820001871  500001              PRODUTOS DIVERSOS                            155611    847990901000             UND3636000          36360            0                2000000                0                0  2000000                0                0                0                N49
01UN   4142     07012009056487590001071  500001              PRODUTOS DIVERSOS                            155611    847990901000             UND1960000          19600            0                2000000                0                0  2000000                0                0                0                N49
011    15056    13012009059135840001001  500001              PRODUTOS DIVERSOS                            155611    847990901000             UND49344500         493445           0                2000000                0                0  2000000                0                0                0                N49
011    15057    13012009059135840001001  500001              PRODUTOS DIVERSOS                            155611    847990901000             UND36297300         362973           0                2000000                0                0  2000000                0                0                0                N49
01UN   22570    12012009060852550001801  500001              PRODUTOS DIVERSOS                            155611    847990901000             UND15168000         151680           0                2000000                0                0  2000000                0                0                0                N49
01UN   22585    13012009060852550001801  500001              PRODUTOS DIVERSOS                            155611    847990901000             UND4487600          44876            0                2000000                0                0  2000000                0                0                0                N49
01UN   294      20012009063179850001601  500001              PRODUTOS DIVERSOS                            155611    847990901000             UND4300000          43000            0                2000000                0                0  2000000                0                0                0                N49
01UN   1541     07012009068887090001511  500001              PRODUTOS DIVERSOS                            155611    847990901000             UND100000000        1000000          0                2000000                0                0  2000000                0                0                0                N49
01UN   1542     12012009068887090001511  500001              PRODUTOS DIVERSOS                            193311    847990901000             UND5850000          58500            0                2000000                0                0  2000000                0                0                0                N49
011    428      15012009070146690002621  500001              PRODUTOS DIVERSOS                            155611    847990901000             UND7607300          76073            0                2000000                0                0  2000000                0                0                0                N49
012    693      21012009073903320001791  500001              PRODUTOS DIVERSOS                            193311    847990901000             UND900000           9000             0                2000000                0                0  2000000                0                0                0                N49
012    694      22012009073903320001791  500001              PRODUTOS DIVERSOS                            193311    847990901000             UND1100000          11000            0                2000000                0                0  2000000                0                0                0                N49
01UN   16779    27012009074110760001591  500001              PRODUTOS DIVERSOS                            155611    847990901000             UND5178800          51788            0                2000000                0                0  2000000                0                0                0                N49
01UN   4014     22012009075876340001311  500001              PRODUTOS DIVERSOS                            155611    847990901000             UND2200000          22000            0                2000000                0                0  2000000                0                0                0                N49
012    1004     13012009075986480001501  500001              PRODUTOS DIVERSOS                            255611    847990901000             UND3803000          38030            0                2000000                0                0  2000000                0                0                0                N49
012    521      22012009077379080001211  500001              PRODUTOS DIVERSOS                            155611    847990901000             UND31500000         315000           0                2000000                0                0  2000000                0                0                0                N49
01UN   336      31122008081118180001931  500001              PRODUTOS DIVERSOS                            155611    847990901000             UND27495000         274950           0                2000000                0                0  2000000                0                0                0                N49
01UN   343      15012009081118180001931  500001              PRODUTOS DIVERSOS                            155611    847990901000             UND21150000         211500           0                2000000                0                0  2000000                0                0                0                N49
01UN   6587     15122008090058410001661  500001              PRODUTOS DIVERSOS                            293311    847990901000             UND11328800         113288           0                2000000                0                0  2000000                0                0                0                N49
01UN   272      23012009094354080001601  014001              LENHA                                        110111    4401100020000            ST 785700           157140           0                2000000                0                0  2000000                0                0                0                N49
01UN   273      23012009094354080001601  014001              LENHA                                        110111    4401100020000            ST 785700           157140           0                2000000                0                0  2000000                0                0                0                N49
01UN   274      23012009094354080001601  014001              LENHA                                        110111    4401100025000            ST 785700           196425           0                2000000                0                0  2000000                0                0                0                N49
01UN   275      23012009094354080001601  014001              LENHA                                        110111    4401100025000            ST 785700           196425           0                2000000                0                0  2000000                0                0                0                N49
01UN   276      26012009094354080001601  014001              LENHA                                        110111    4401100025000            ST 785700           196425           0                2000000                0                0  2000000                0                0                0                N49
01UN   277      26012009094354080001601  014001              LENHA                                        110111    4401100025000            ST 785700           196425           0                2000000                0                0  2000000                0                0                0                N49
01UN   278      29012009094354080001601  014001              LENHA                                        110111    4401100015000            ST 785700           117855           0                2000000                0                0  2000000                0                0                0                N49
01UN   279      30012009094354080001601  014001              LENHA                                        110111    4401100025000            ST 785700           196425           0                2000000                0                0  2000000                0                0                0                N49
01UN   331      19122008094394620001841  500001              PRODUTOS DIVERSOS                            155611    847990901000             UND25452300         254523           0                2000000                0                0  2000000                0                0                0                N49
01UN   380      22012009094394620001841  500001              PRODUTOS DIVERSOS                            155611    847990901000             UND15363900         153639           0                2000000                0                0  2000000                0                0                0                N49
01UN   1203     18122008094432180001951  500001              PRODUTOS DIVERSOS                            155611    847990901000             UND5615000          56150            0                2000000                0                0  2000000                0                0                0                N49
01UN   1276     05012009094432180001951  500001              PRODUTOS DIVERSOS                            155611    847990901000             UND2285000          22850            0                2000000                0                0  2000000                0                0                0                N49
01UN   1280     06012009094432180001951  500001              PRODUTOS DIVERSOS                            155611    847990901000             UND986600           9866             0                2000000                0                0  2000000                0                0                0                N49
01UN   1303     09012009094432180001951  500001              PRODUTOS DIVERSOS                            155611    847990901000             UND5026000          50260            0                2000000                0                0  2000000                0                0                0                N49
01UN   1347     14012009094432180001951  500001              PRODUTOS DIVERSOS                            155611    847990901000             UND3650000          36500            0                2000000                0                0  2000000                0                0                0                N49
01UN   1351     15012009094432180001951  500001              PRODUTOS DIVERSOS                            155611    847990901000             UND7107500          71075            0                2000000                0                0  2000000                0                0                0                N49
01UN   1389     21012009094432180001951  500001              PRODUTOS DIVERSOS                            155611    847990901000             UND2872300          28723            0                2000000                0                0  2000000                0                0                0                N49
01UN   1395     21012009094432180001951  500001              PRODUTOS DIVERSOS                            155611    847990901000             UND6425600          64256            0                2000000                0                0  2000000                0                0                0                N49
01UN   1397     21012009094432180001951  500001              PRODUTOS DIVERSOS                            155611    847990901000             UND35208600         352086           0                2000000                0                0  2000000                0                0                0                N49
01UN   1464     30012009094432180001951  500001              PRODUTOS DIVERSOS                            155611    847990901000             UND4200000          42000            0                2000000                0                0  2000000                0                0                0                N49
01UN   28       05012009102331650001671  500001              PRODUTOS DIVERSOS                            155611    847990901000             UND1540000          15400            0                2000000                0                0  2000000                0                0                0                N49
012    19422    2301200922431390900   1  001001              SOJA EM GRAOS                                110113    120100901000             KGS337159400        3371594          0                2000000                0                0  2000000                0                0                0                N49
012    19412    1501200928729544904   1  001001              SOJA EM GRAOS                                110113    120100901000             KGS606264000        6062640          0                2000000                0                0  2000000                0                0                0                N49
01UN   3067     06012009358204480164821  500001              PRODUTOS DIVERSOS                            155611    847990901000             UND6220000          62200            0                2000000                0                0  2000000                0                0                0                N49
01UN   3079     08012009358204480164821  500001              PRODUTOS DIVERSOS                            155611    847990901000             UND728000           7280             0                2000000                0                0  2000000                0                0                0                N49
01UN   3082     09012009358204480164821  500001              PRODUTOS DIVERSOS                            155611    847990901000             UND5180000          51800            0                2000000                0                0  2000000                0                0                0                N49
01UN   3087     14012009358204480164821  500001              PRODUTOS DIVERSOS                            155611    847990901000             UND1456000          14560            0                2000000                0                0  2000000                0                0                0                N49
01UN   3102     16012009358204480164821  500001              PRODUTOS DIVERSOS                            194911    847990901000             UND30000000         300000           0                2000000                0                0  2000000                0                0                0                N49
01UN   3104     21012009358204480164821  500001              PRODUTOS DIVERSOS                            155611    847990901000             UND6324000          63240            0                2000000                0                0  2000000                0                0                0                N49
012    19425    3001200939581330968   1  001001              SOJA EM GRAOS                                110113    120100901000             KGS1218866700       12188667         0                2000000                0                0  2000000                0                0                0                N49
012    19415    2001200942696054991   1  001001              SOJA EM GRAOS                                110113    120100901000             KGS692040000        6920400          0                2000000                0                0  2000000                0                0                0                N49
012    19411    1301200944146906920   1  001001              SOJA EM GRAOS                                1101651   120100901000             KGS47313500         473135           0                2000000                0                0  2000000                0                0                0                N49
012    19418    2101200946551271987   1  001001              SOJA EM GRAOS                                110113    120100901000             KGS97595500         975955           0                2000000                0                0  2000000                0                0                0                N49
01UN   101413   17122008467617300001061  500001              PRODUTOS DIVERSOS                            294911    847990901000             UND80000000         800000           0                2000000                0                0  2000000                0                0                0                N49
012    19414    1501200948676772991   1  001001              SOJA EM GRAOS                                110113    120100901000             KGS838104000        8381040          0                2000000                0                0  2000000                0                0                0                N49
01UN   950569   14012009487403510001651  500001              PRODUTOS DIVERSOS                            235211    847990901000             UND187600           1876             0                2000000                0                0  2000000                0                0                0                N49
01UN   198485   13012009487403510007501  500001              PRODUTOS DIVERSOS                            235211    847990901000             UND191200           1912             0                2000000                0                0  2000000                0                0                0                N49
01UN   13825    18122008487403510037761  500001              PRODUTOS DIVERSOS                            135211    847990901000             UND263300           2633             0                2000000                0                0  2000000                0                0                0                N49
01U    14027    21012009507516430001451  500001              PRODUTOS DIVERSOS                            291611    847990901000             UND900000000        9000000          0                2000000                0                0  2000000                0                0                0                N49
01U    14038    22012009507516430001451  500001              PRODUTOS DIVERSOS                            291611    847990901000             UND540000000        5400000          0                2000000                0                0  2000000                0                0                0                N49
01UN   14027    21012009507516430001451  500001              PRODUTOS DIVERSOS                            293311    847990901000             UND59300000         593000           0                2000000                0                0  2000000                0                0                0                N49
01UN   14038    22012009507516430001451  500001              PRODUTOS DIVERSOS                            293311    847990901000             UND32700000         327000           0                2000000                0                0  2000000                0                0                0                N49
01UN   14039    22012009507516430001451  500001              PRODUTOS DIVERSOS                            255611    847990901000             UND11000000         110000           0                2000000                0                0  2000000                0                0                0                N49
012    19410    0601200960436026953   1  001001              SOJA EM GRAOS                                110112    120100901000             KGS4674500          46745            0                2000000                0                0  2000000                0                0                0                N49
012    19421    2301200960436026953   1  001001              SOJA EM GRAOS                                110113    120100901000             KGS73233800         732338           0                2000000                0                0  2000000                0                0                0                N49
01UN   4006     19012009608723060091161  500001              PRODUTOS DIVERSOS                            155611    847990901000             UND44319300         443193           0                2000000                0                0  2000000                0                0                0                N49
012    222875   14012009610726250001531  500001              PRODUTOS DIVERSOS                            255611    847990901000             UND2789200          27892            0                2000000                0                0  2000000                0                0                0                N49
012    19424    3001200961858676991   1  001001              SOJA EM GRAOS                                110113    120100901000             KGS14618300         146183           0                2000000                0                0  2000000                0                0                0                N49
012    161038   20012009620140300001041  500001              PRODUTOS DIVERSOS                            255611    847990901000             UND68409600         684096           0                2000000                0                0  2000000                0                0                0                N49
012    161264   21012009620140300001041  500001              PRODUTOS DIVERSOS                            255611    847990901000             UND18716800         187168           0                2000000                0                0  2000000                0                0                0                N49
01UN   165009   09012009648585250067711  500001              PRODUTOS DIVERSOS                            294911    847990901000             UND54858500         548585           0                2000000                0                0  2000000                0                0                0                N49
01UN   6616     26012009675474140001061  500001              PRODUTOS DIVERSOS                            255611    847990901000             UND8250000          82500            0                2000000                0                0  2000000                0                0                0                N49
01UN   3471     13012009734538050001641  014021              BRIQUETE DE LENHA                            110111    440130001000             KGS25375000         253750           0                2000000                0                0  2000000                0                0                0                N49
01UN   3472     13012009734538050001641  014021              BRIQUETE DE LENHA                            110111    440130001000             KGS25375000         253750           0                2000000                0                0  2000000                0                0                0                N49
01UN   3473     13012009734538050001641  014021              BRIQUETE DE LENHA                            110111    440130001000             KGS25375000         253750           0                2000000                0                0  2000000                0                0                0                N49
01UN   3496     14012009734538050001641  014021              BRIQUETE DE LENHA                            110111    440130001000             KGS21750000         217500           0                2000000                0                0  2000000                0                0                0                N49
01UN   3497     14012009734538050001641  014021              BRIQUETE DE LENHA                            110111    440130001000             KGS21750000         217500           0                2000000                0                0  2000000                0                0                0                N49
01UN   3500     14012009734538050001641  014021              BRIQUETE DE LENHA                            110111    440130001000             KGS2573800          25738            0                2000000                0                0  2000000                0                0                0                N49
01UN   3528     19012009734538050001641  014021              BRIQUETE DE LENHA                            110111    440130001000             KGS17371000         173710           0                2000000                0                0  2000000                0                0                0                N49
01UN   3529     19012009734538050001641  014021              BRIQUETE DE LENHA                            110111    440130001000             KGS19437200         194372           0                2000000                0                0  2000000                0                0                0                N49
01UN   3558     21012009734538050001641  014021              BRIQUETE DE LENHA                            110111    440130001000             KGS21750000         217500           0                2000000                0                0  2000000                0                0                0                N49
01UN   3593     26012009734538050001641  014021              BRIQUETE DE LENHA                            110111    440130001000             KGS21750000         217500           0                2000000                0                0  2000000                0                0                0                N49
01UN   3594     26012009734538050001641  014021              BRIQUETE DE LENHA                            110111    440130001000             KGS21750000         217500           0                2000000                0                0  2000000                0                0                0                N49
01UN   3595     26012009734538050001641  014021              BRIQUETE DE LENHA                            110111    440130001000             KGS21750000         217500           0                2000000                0                0  2000000                0                0                0                N49
01UN   3596     26012009734538050001641  014021              BRIQUETE DE LENHA                            110111    440130001000             KGS21750000         217500           0                2000000                0                0  2000000                0                0                0                N49
01UN   3600     26012009734538050001641  014021              BRIQUETE DE LENHA                            110111    440130001000             KGS21750000         217500           0                2000000                0                0  2000000                0                0                0                N49
01UN   3601     26012009734538050001641  014021              BRIQUETE DE LENHA                            110111    440130001000             KGS21750000         217500           0                2000000                0                0  2000000                0                0                0                N49
01UN   3602     26012009734538050001641  014021              BRIQUETE DE LENHA                            110111    440130001000             KGS21750000         217500           0                2000000                0                0  2000000                0                0                0                N49
01UN   3608     26012009734538050001641  014021              BRIQUETE DE LENHA                            110111    440130001000             KGS21750000         217500           0                2000000                0                0  2000000                0                0                0                N49
01UN   3609     26012009734538050001641  014021              BRIQUETE DE LENHA                            110111    440130001000             KGS21750000         217500           0                2000000                0                0  2000000                0                0                0                N49
01UN   3610     26012009734538050001641  014021              BRIQUETE DE LENHA                            110111    440130001000             KGS21750000         217500           0                2000000                0                0  2000000                0                0                0                N49
01UN   3612     27012009734538050001641  014021              BRIQUETE DE LENHA                            110111    440130001000             KGS21750000         217500           0                2000000                0                0  2000000                0                0                0                N49
01UN   3613     27012009734538050001641  014021              BRIQUETE DE LENHA                            110111    440130001000             KGS21750000         217500           0                2000000                0                0  2000000                0                0                0                N49
01UN   3614     27012009734538050001641  014021              BRIQUETE DE LENHA                            110111    440130001000             KGS24331000         243310           0                2000000                0                0  2000000                0                0                0                N49
01UN   3615     27012009734538050001641  014021              BRIQUETE DE LENHA                            110111    440130001000             KGS15174200         151742           0                2000000                0                0  2000000                0                0                0                N49
01UN   3616     27012009734538050001641  014021              BRIQUETE DE LENHA                            110111    440130001000             KGS1413800          14138            0                2000000                0                0  2000000                0                0                0                N49
01UN   3617     27012009734538050001641  014021              BRIQUETE DE LENHA                            110111    440130001000             KGS20329000         203290           0                2000000                0                0  2000000                0                0                0                N49
01UN   3618     27012009734538050001641  014021              BRIQUETE DE LENHA                            110111    440130001000             KGS21750000         217500           0                2000000                0                0  2000000                0                0                0                N49
01UN   3619     27012009734538050001641  014021              BRIQUETE DE LENHA                            110111    440130001000             KGS21750000         217500           0                2000000                0                0  2000000                0                0                0                N49
01UN   3622     27012009734538050001641  014021              BRIQUETE DE LENHA                            110111    440130001000             KGS21750000         217500           0                2000000                0                0  2000000                0                0                0                N49
01UN   3624     28012009734538050001641  014021              BRIQUETE DE LENHA                            110111    440130001000             KGS21750000         217500           0                2000000                0                0  2000000                0                0                0                N49
01UN   3625     28012009734538050001641  014021              BRIQUETE DE LENHA                            110111    440130001000             KGS21750000         217500           0                2000000                0                0  2000000                0                0                0                N49
01UN   3627     28012009734538050001641  014021              BRIQUETE DE LENHA                            110111    440130001000             KGS21750000         217500           0                2000000                0                0  2000000                0                0                0                N49
01UN   3628     28012009734538050001641  014021              BRIQUETE DE LENHA                            110111    440130001000             KGS21750000         217500           0                2000000                0                0  2000000                0                0                0                N49
01UN   3634     29012009734538050001641  014021              BRIQUETE DE LENHA                            110111    440130001000             KGS21750000         217500           0                2000000                0                0  2000000                0                0                0                N49
01UN   3635     29012009734538050001641  014021              BRIQUETE DE LENHA                            110111    440130001000             KGS21750000         217500           0                2000000                0                0  2000000                0                0                0                N49
01UN   3636     29012009734538050001641  014021              BRIQUETE DE LENHA                            110111    440130001000             KGS21750000         217500           0                2000000                0                0  2000000                0                0                0                N49
01UN   3638     29012009734538050001641  014021              BRIQUETE DE LENHA                            110111    440130001000             KGS21750000         217500           0                2000000                0                0  2000000                0                0                0                N49
01UN   3639     29012009734538050001641  014021              BRIQUETE DE LENHA                            110111    440130001000             KGS21750000         217500           0                2000000                0                0  2000000                0                0                0                N49
01UN   3640     29012009734538050001641  014021              BRIQUETE DE LENHA                            110111    440130001000             KGS21750000         217500           0                2000000                0                0  2000000                0                0                0                N49
01UN   3647     30012009734538050001641  014021              BRIQUETE DE LENHA                            110111    440130001000             KGS21750000         217500           0                2000000                0                0  2000000                0                0                0                N49
01UN   3648     30012009734538050001641  014021              BRIQUETE DE LENHA                            110111    440130001000             KGS21750000         217500           0                2000000                0                0  2000000                0                0                0                N49
01UN   3649     30012009734538050001641  014021              BRIQUETE DE LENHA                            110111    440130001000             KGS21750000         217500           0                2000000                0                0  2000000                0                0                0                N49
011    90312    27112008741605240001861  500001              PRODUTOS DIVERSOS                            155611    847990901000             UND1571200          15712            0                2000000                0                0  2000000                0                0                0                N49
011    90378    01122008741605240001861  500001              PRODUTOS DIVERSOS                            155611    847990901000             UND1251800          12518            0                2000000                0                0  2000000                0                0                0                N49
011    90442    08122008741605240001861  500001              PRODUTOS DIVERSOS                            155611    847990901000             UND1126600          11266            0                2000000                0                0  2000000                0                0                0                N49
011    90474    11122008741605240001861  500001              PRODUTOS DIVERSOS                            155611    847990901000             UND1017800          10178            0                2000000                0                0  2000000                0                0                0                N49
011    90511    15122008741605240001861  500001              PRODUTOS DIVERSOS                            155611    847990901000             UND1018300          10183            0                2000000                0                0  2000000                0                0                0                N49
011    90526    16122008741605240001861  500001              PRODUTOS DIVERSOS                            155611    847990901000             UND890400           8904             0                2000000                0                0  2000000                0                0                0                N49
011    90530    17122008741605240001861  500001              PRODUTOS DIVERSOS                            155611    847990901000             UND656100           6561             0                2000000                0                0  2000000                0                0                0                N49
011    90541    17122008741605240001861  500001              PRODUTOS DIVERSOS                            155611    847990901000             UND995800           9958             0                2000000                0                0  2000000                0                0                0                N49
011    90546    18122008741605240001861  500001              PRODUTOS DIVERSOS                            155611    847990901000             UND728200           7282             0                2000000                0                0  2000000                0                0                0                N49
011    90567    19122008741605240001861  500001              PRODUTOS DIVERSOS                            155611    847990901000             UND1361500          13615            0                2000000                0                0  2000000                0                0                0                N49
011    90580    22122008741605240001861  500001              PRODUTOS DIVERSOS                            155611    847990901000             UND1371300          13713            0                2000000                0                0  2000000                0                0                0                N49
011    90581    22122008741605240001861  500001              PRODUTOS DIVERSOS                            155611    847990901000             UND372700           3727             0                2000000                0                0  2000000                0                0                0                N49
011    90593    23122008741605240001861  500001              PRODUTOS DIVERSOS                            155611    847990901000             UND1348500          13485            0                2000000                0                0  2000000                0                0                0                N49
011    90627    29122008741605240001861  500001              PRODUTOS DIVERSOS                            155611    847990901000             UND380000           3800             0                2000000                0                0  2000000                0                0                0                N49
011    90682    05012009741605240001861  500001              PRODUTOS DIVERSOS                            155611    847990901000             UND721900           7219             0                2000000                0                0  2000000                0                0                0                N49
011    90693    05012009741605240001861  500001              PRODUTOS DIVERSOS                            155611    847990901000             UND1167500          11675            0                2000000                0                0  2000000                0                0                0                N49
011    90722    09012009741605240001861  500001              PRODUTOS DIVERSOS                            155611    847990901000             UND1000900          10009            0                2000000                0                0  2000000                0                0                0                N49
011    90750    12012009741605240001861  500001              PRODUTOS DIVERSOS                            155611    847990901000             UND1285500          12855            0                2000000                0                0  2000000                0                0                0                N49
011    90755    13012009741605240001861  500001              PRODUTOS DIVERSOS                            155611    847990901000             UND719800           7198             0                2000000                0                0  2000000                0                0                0                N49
011    90761    13012009741605240001861  500001              PRODUTOS DIVERSOS                            155611    847990901000             UND525800           5258             0                2000000                0                0  2000000                0                0                0                N49
011    90778    15012009741605240001861  500001              PRODUTOS DIVERSOS                            155611    847990901000             UND1068300          10683            0                2000000                0                0  2000000                0                0                0                N49
011    90828    20012009741605240001861  500001              PRODUTOS DIVERSOS                            155611    847990901000             UND1128300          11283            0                2000000                0                0  2000000                0                0                0                N49
011    90836    20012009741605240001861  500001              PRODUTOS DIVERSOS                            155611    847990901000             UND202700           2027             0                2000000                0                0  2000000                0                0                0                N49
01UN   273774   09012009751562650002631  500001              PRODUTOS DIVERSOS                            235211    847990901000             UND1626300          16263            0                2000000                0                0  10120016263            1952             0                0                N49
01UN   277048   19012009751562650002631  500001              PRODUTOS DIVERSOS                            235211    847990901000             UND1612700          16127            0                2000000                0                0  10120016127            1935             0                0                N49
01UN   350850   28012009765280170001881  500001              PRODUTOS DIVERSOS                            155611    847990901000             UND582800           5828             0                2000000                0                0  2000000                0                0                0                N49
01UN   879239   15012009765357640321851  500001              PRODUTOS DIVERSOS                            130211    847990901000             UND7167800          71678            0                2000000                0                0  10270071678            19353            0                0                N49
01UN   897834   15122008765357640321851  500001              PRODUTOS DIVERSOS                            130211    847990901000             UND7167800          71678            0                2000000                0                0  10270071678            19353            0                0                N49
01UN   87550    12122008765646240005271  500001              PRODUTOS DIVERSOS                            155611    847990901000             UND3300000          33000            0                2000000                0                0  2000000                0                0                0                N49
011    3568     13012009767468660001081  500001              PRODUTOS DIVERSOS                            155611    847990901000             UND7100000          71000            0                2000000                0                0  2000000                0                0                0                N49
012    751255   16012009777658400001701  500001              PRODUTOS DIVERSOS                            155611    847990901000             UND9380000          93800            0                2000000                0                0  2000000                0                0                0                N49
01UN   330794   13012009777788920002611  500001              PRODUTOS DIVERSOS                            135211    847990901000             UND304600           3046             0                2000000                0                0  2000000                0                0                0                N49
01UN   331040   15012009777788920002611  500001              PRODUTOS DIVERSOS                            135211    847990901000             UND1183000          11830            0                2000000                0                0  2000000                0                0                0                N49
01UN   331215   16012009777788920002611  500001              PRODUTOS DIVERSOS                            135211    847990901000             UND296200           2962             0                2000000                0                0  2000000                0                0                0                N49
01UN   331219   16012009777788920002611  500001              PRODUTOS DIVERSOS                            135211    847990901000             UND847100           8471             0                2000000                0                0  2000000                0                0                0                N49
01UN   331278   16012009777788920002611  500001              PRODUTOS DIVERSOS                            135211    847990901000             UND207400           2074             0                2000000                0                0  2000000                0                0                0                N49
01UN   331458   19012009777788920002611  500001              PRODUTOS DIVERSOS                            135211    847990901000             UND295500           2955             0                2000000                0                0  2000000                0                0                0                N49
01UN   331946   22012009777788920002611  500001              PRODUTOS DIVERSOS                            135211    847990901000             UND208000           2080             0                2000000                0                0  2000000                0                0                0                N49
01UN   332191   23012009777788920002611  500001              PRODUTOS DIVERSOS                            135211    847990901000             UND230000           2300             0                2000000                0                0  2000000                0                0                0                N49
01UN   332247   23012009777788920002611  500001              PRODUTOS DIVERSOS                            135211    847990901000             UND252800           2528             0                2000000                0                0  2000000                0                0                0                N49
011    135774   23012009778569950004641  001001              SOJA EM GRAOS                                110112    120100901000             KGS215000000        2150000          0                2000000                0                0  2000000                0                0                0                N49
011    135778   23012009778569950004641  001001              SOJA EM GRAOS                                110112    120100901000             KGS208666700        2086667          0                2000000                0                0  2000000                0                0                0                N49
011    135815   26012008778569950004641  001001              SOJA EM GRAOS                                110112    120100901000             KGS164266700        1642667          0                2000000                0                0  2000000                0                0                0                N49
011    58445    23012009778569950008981  001001              SOJA EM GRAOS                                110112    120100901000             KGS252333300        2523333          0                2000000                0                0  2000000                0                0                0                N49
011    58446    23012009778569950008981  001001              SOJA EM GRAOS                                110112    120100901000             KGS253133300        2531333          0                2000000                0                0  2000000                0                0                0                N49
011    95580    27012009778569950017891  001001              SOJA EM GRAOS                                110112    120100901000             KGS213800000        2138000          0                2000000                0                0  2000000                0                0                0                N49
011    95583    27012009778569950017891  001001              SOJA EM GRAOS                                110112    120100901000             KGS212800000        2128000          0                2000000                0                0  2000000                0                0                0                N49
011    95588    27012009778569950017891  001001              SOJA EM GRAOS                                110112    120100901000             KGS211866700        2118667          0                2000000                0                0  2000000                0                0                0                N49
011    95616    28012009778569950017891  001001              SOJA EM GRAOS                                110112    120100901000             KGS212200000        2122000          0                2000000                0                0  2000000                0                0                0                N49
011    95649    28012009778569950017891  001001              SOJA EM GRAOS                                110112    120100901000             KGS252466700        2524667          0                2000000                0                0  2000000                0                0                0                N49
01UN   67359    09012009787763660001441  500001              PRODUTOS DIVERSOS                            155611    847990901000             UND1641400          16414            0                2000000                0                0  2000000                0                0                0                N49
01UN   67432    19012009787763660001441  500001              PRODUTOS DIVERSOS                            191611    847990901000             UND150000000        1500000          0                2000000                0                0  2000000                0                0                0                N49
01UN   1945     13012009794447170001821  500001              PRODUTOS DIVERSOS                            155611    847990901000             UND12787400         127874           0                2000000                0                0  2000000                0                0                0                N49
01UN   32412    31122008796281110001051  003001              FARELO DE SOJA PELLE                         1907712   230400901000             KGS11908200         119082           0                2000000                0                0  2000000                0                0                0                N49
01UN   1711     12012009800501490001141  500001              PRODUTOS DIVERSOS                            194911    847990901000             UND160000000        1600000          0                2000000                0                0  2000000                0                0                0                N49
01UN   1712     12012009800501490001141  500001              PRODUTOS DIVERSOS                            193311    847990901000             UND63157900         631579           0                2000000                0                0  2000000                0                0                0                N49
01UN   66811    17122008802210130003911  500001              PRODUTOS DIVERSOS                            155611    847990901000             UND3131300          31313            0                2000000                0                0  2000000                0                0                0                N49
01UN   68167    16012009802210130003911  500001              PRODUTOS DIVERSOS                            155611    847990901000             UND261200           2612             0                2000000                0                0  2000000                0                0                0                N49
01UN   713771   27012009802277960001591  500001              PRODUTOS DIVERSOS                            135211    847990901000             UND325200           3252             0                2000000                0                0  2000000                0                0                0                N49
01UN   717002   26012009802277960001591  500001              PRODUTOS DIVERSOS                            135211    847990901000             UND256800           2568             0                2000000                0                0  2000000                0                0                0                N49
01UN   717334   27012009802277960001591  500001              PRODUTOS DIVERSOS                            135211    847990901000             UND302200           3022             0                2000000                0                0  2000000                0                0                0                N49
01UN   754208   26012009802277960001591  500001              PRODUTOS DIVERSOS                            135211    847990901000             UND200000           2000             0                2000000                0                0  2000000                0                0                0                N49
01UN   3245     16012009808040160001961  500001              PRODUTOS DIVERSOS                            155611    847990901000             UND9440000          94400            0                2000000                0                0  2000000                0                0                0                N49
01UN   3252     22012009808040160001961  500001              PRODUTOS DIVERSOS                            155611    847990901000             UND4634000          46340            0                2000000                0                0  2000000                0                0                0                N49
01UN   3256     15122008812162510001001  500001              PRODUTOS DIVERSOS                            155611    847990901000             UND5540000          55400            0                2000000                0                0  2000000                0                0                0                N49
01UN   3365     26012009812162510001001  500001              PRODUTOS DIVERSOS                            155611    847990901000             UND9600000          96000            0                2000000                0                0  2000000                0                0                0                N49
011    2299     16012009819020740001151  500001              PRODUTOS DIVERSOS                            155611    847990901000             UND64000000         640000           0                2000000                0                0  2000000                0                0                0                N49
01UN   252833   16012009820137150001431  500001              PRODUTOS DIVERSOS                            155611    847990901000             UND2055600          20556            0                2000000                0                0  2000000                0                0                0                N49
012    4761     22012009823595890002641  500001              PRODUTOS DIVERSOS                            155611    847990901000             UND2320000          23200            0                2000000                0                0  2000000                0                0                0                N49
01UN   226427   22122008843005400004231  013001              HEXANO                                       13521615  2710111045000000         KGS667              300000           0                2000000                0                0  2000000                0                0                0                N49
01UN   226645   26122008843005400004231  013001              HEXANO                                       13521615  271011103230000          KGS6192             200000           0                2000000                0                0  2000000                0                0                0                N49
01UN   6514     12122008848866390001061  500001              PRODUTOS DIVERSOS                            193311    847990901000             UND5000000          50000            0                2000000                0                0  2000000                0                0                0                N49
01UN   23404    20012009878858510001471  500001              PRODUTOS DIVERSOS                            294911    847990901000             UND20000000         200000           0                2000000                0                0  2000000                0                0                0                N49
01UN   13451    15012009883709450001461  002001              OLEO DE SOJA B. DEG.                         1949612   150710001000             KGS681000000        6810000          0                2000000                0                0  1018006810000          817241           0                0                N49
01UN   13544    26012009883709450001461  002001              OLEO DE SOJA B. DEG.                         1201151   150710001000             KGS19500000         195000           0                2000000                0                0  101800195000           23401            0                0                N49
01UN   13569    30012009883709450001461  002001              OLEO DE SOJA B. DEG.                         1949612   150710001000             KGS533100000        5331000          0                2000000                0                0  1018005331000          639752           0                0                N49
01UN   13570    30012009883709450001461  002001              OLEO DE SOJA B. DEG.                         1949612   150710001000             KGS542400000        5424000          0                2000000                0                0  1018005424000          650913           0                0                N49
012    19419    2101200989699912987   1  001001              SOJA EM GRAOS                                110113    120100901000             KGS138818000        1388180          0                2000000                0                0  2000000                0                0                0                N49
012    16214    15012009954332150001021  500001              PRODUTOS DIVERSOS                            155611    847990901000             UND3050000          30500            0                2000000                0                0  2000000                0                0                0                N49
01UN   208756   21012009955917230002081  500001              PRODUTOS DIVERSOS                            235211    847990901000             UND1253600          12536            0                2000000                0                0  2000000                0                0                0                N49
01UN   680169   22122008955917230083651  500001              PRODUTOS DIVERSOS                            235211    847990901000             UND1049100          10491            0                2000000                0                0  2000000                0                0                0                N49
