01UN   53853    130120090024642800011921012009167875           0                0                0                0                0                0                167875                         2                                                                                                      0                              
011    134791   22012009004729570001302901200914800            0                0                0                0                0                0                14800                          2                                                                                                      0                              
011    134803   2301200900472957000130290120099440             0                0                0                0                0                0                9440                           2                                                                                                      0                              
012    19413    1501200900587739916   1501200912482480         0                0                0                0                0                0                12482480                       2                                                                                                      0                              
012    19417    2001200900741464918   20012009690000           0                0                0                0                0                0                690000                         2                                                                                                      0                              
01UN   2935     28012009009211170001083101200936400            0                0                0                0                0                0                36400                          2                                                                                                      0                              
011    403125   080120090100968100038322012009366450           0                0                0                0                0                0                366450                         2                                                                                                      0                              
011    403707   160120090100968100038326012009287729           0                0                0                0                0                0                287729                         2                                                                                                      0                              
012    27315    220120090140829500010031012009107901           0                0                0                0                0                0                107901                         2                                                                                                      0                              
012    27322    220120090140829500010031012009244860           0                0                0                0                0                0                244860                         2                                                                                                      0                              
01UN   567      09012009017892580001812901200925000            0                0                0                0                0                0                25000                          2                                                                                                      0                              
012    19420    2201200903253828913   220120091274953          0                0                0                0                0                0                1274953                        2                                                                                                      0                              
012    19423    3001200903413749978   30012009326370           0                0                0                0                0                0                326370                         2                                                                                                      0                              
01UN   291013   2001200903479760000111220120097700             0                0                0                0                0                0                7700                           2                                                                                                      0                              
01UN   291014   2001200903479760000111220120095775             0                0                0                0                0                0                5775                           2                                                                                                      0                              
01UN   291015   2001200903479760000111220120096902             0                0                0                0                0                0                6902                           2                                                                                                      0                              
01UN   288439   1001200904368898000106150120091813             0                0                0                0                0                0                1813                           2                                                                                                      0                              
01UN   288441   1001200904368898000106150120096036             0                0                0                0                0                0                6036                           2                                                                                                      0                              
01UN   857848   290120090436889800010630012009180377           0                0                0                0                0                0                180377                         2                                                                                                      0                              
01UN   857850   2901200904368898000106300120092384822          0                0                0                0                0                0                2384822                        2                                                                                                      0                              
011    2590     1301200904440724001855140120092272200          0                0                0                0                0                0                2272200                        2                                                                                                      0                              
011    2591     1301200904440724001855140120092254800          0                0                0                0                0                0                2254800                        2                                                                                                      0                              
011    2592     1301200904440724001855140120092187600          0                0                0                0                0                0                2187600                        2                                                                                                      0                              
011    2595     1301200904440724001855140120091614600          0                0                0                0                0                0                1614600                        2                                                                                                      0                              
011    2597     1401200904440724001855150120092257200          0                0                0                0                0                0                2257200                        2                                                                                                      0                              
011    2598     1401200904440724001855150120091581600          0                0                0                0                0                0                1581600                        2                                                                                                      0                              
011    2600     1401200904440724001855150120092232600          0                0                0                0                0                0                2232600                        2                                                                                                      0                              
011    2603     1501200904440724001855210120092206800          0                0                0                0                0                0                2206800                        2                                                                                                      0                              
011    2605     1501200904440724001855210120092262600          0                0                0                0                0                0                2262600                        2                                                                                                      0                              
011    2606     1501200904440724001855210120092235000          0                0                0                0                0                0                2235000                        2                                                                                                      0                              
011    2608     1501200904440724001855190120092212800          0                0                0                0                0                0                2212800                        2                                                                                                      0                              
011    2609     1601200904440724001855190120092256600          0                0                0                0                0                0                2256600                        2                                                                                                      0                              
011    2610     1601200904440724001855190120092160000          0                0                0                0                0                0                2160000                        2                                                                                                      0                              
011    2611     1601200904440724001855160120091648800          0                0                0                0                0                0                1648800                        2                                                                                                      0                              
011    2612     1601200904440724001855160120091639200          0                0                0                0                0                0                1639200                        2                                                                                                      0                              
011    2613     1601200904440724001855160120092236200          0                0                0                0                0                0                2236200                        2                                                                                                      0                              
011    2614     1601200904440724001855210120092214600          0                0                0                0                0                0                2214600                        2                                                                                                      0                              
011    2616     1701200904440724001855190120091879200          0                0                0                0                0                0                1879200                        2                                                                                                      0                              
011    2617     1701200904440724001855190120091728000          0                0                0                0                0                0                1728000                        2                                                                                                      0                              
011    2618     1701200904440724001855190120091522200          0                0                0                0                0                0                1522200                        2                                                                                                      0                              
011    2619     1701200904440724001855190120091780800          0                0                0                0                0                0                1780800                        2                                                                                                      0                              
011    2620     1701200904440724001855190120091781400          0                0                0                0                0                0                1781400                        2                                                                                                      0                              
011    2621     1701200904440724001855190120091722600          0                0                0                0                0                0                1722600                        2                                                                                                      0                              
011    2622     1701200904440724001855190120092111400          0                0                0                0                0                0                2111400                        2                                                                                                      0                              
011    2623     1901200904440724001855200120092166000          0                0                0                0                0                0                2166000                        2                                                                                                      0                              
011    2624     1901200904440724001855200120091646400          0                0                0                0                0                0                1646400                        2                                                                                                      0                              
011    2625     1901200904440724001855200120091499400          0                0                0                0                0                0                1499400                        2                                                                                                      0                              
011    2626     1901200904440724001855200120091857000          0                0                0                0                0                0                1857000                        2                                                                                                      0                              
011    2627     1901200904440724001855210120092221200          0                0                0                0                0                0                2221200                        2                                                                                                      0                              
011    2628     1901200904440724001855210120091853400          0                0                0                0                0                0                1853400                        2                                                                                                      0                              
011    2634     2801200904440724001855280120093616000          0                0                0                0                0                0                3616000                        2                                                                                                      0                              
011    2637     2901200904440724001855290120093554000          0                0                0                0                0                0                3554000                        2                                                                                                      0                              
011    2641     310120090444072400185531012009206219           0                0                0                0                0                0                206219                         2                                                                                                      0                              
011    3476     16012009045075430001502201200992950            0                0                0                0                0                0                92950                          2                                                                                                      0                              
011    3521     290120090450754300015031012009187000           0                0                0                0                0                0                187000                         2                                                                                                      0                              
011    28074    120120090481465700014313012009175563035        0                0                0                0                0                0                175563035                      2                                                                                                      0                              
011    28085    14012009048146570001431401200999932900         0                0                0                0                0                0                99932900                       2                                                                                                      0                              
01UN   2456     21012009049492910001103001200946000            0                0                0                0                0                0                46000                          2                                                                                                      0                              
01UN   2647     06012009050316630001972801200928750            0                0                0                0                0                0                28750                          2                                                                                                      0                              
011    1910     09012009052650730001291601200912000            0                0                0                0                0                0                12000                          2                                                                                                      0                              
01UN   180      1912200805413150000140190120099500             0                0                0                0                0                0                9500                           2                                                                                                      0                              
01UN   18399    14012009056112820001872901200938160            0                0                0                0                0                0                38160                          2                                                                                                      0                              
01UN   18489    23012009056112820001873001200936360            0                0                0                0                0                0                36360                          2                                                                                                      0                              
01UN   4142     07012009056487590001072801200919600            0                0                0                0                0                0                19600                          2                                                                                                      0                              
011    15056    130120090591358400010021012009493445           0                0                0                0                0                0                493445                         2                                                                                                      0                              
011    15057    130120090591358400010021012009362973           0                0                0                0                0                0                362973                         2                                                                                                      0                              
01UN   22570    120120090608525500018012012009151680           0                0                0                0                0                0                151680                         2                                                                                                      0                              
01UN   22585    13012009060852550001802601200944876            0                0                0                0                0                0                44876                          2                                                                                                      0                              
01UN   294      20012009063179850001602701200943000            0                0                0                0                0                0                43000                          2                                                                                                      0                              
01UN   1541     0701200906888709000151120120091000000          0                0                0                0                0                0                1000000                        2                                                                                                      0                              
01UN   1542     12012009068887090001512001200958500            0                0                0                0                0                0                58500                          2                                                                                                      0                              
011    428      15012009070146690002622001200976073            0                0                0                0                0                0                76073                          2                                                                                                      0                              
012    693      2101200907390332000179300120099000             0                0                0                0                0                0                9000                           2                                                                                                      0                              
012    694      22012009073903320001793001200911000            0                0                0                0                0                0                11000                          2                                                                                                      0                              
01UN   16779    27012009074110760001593101200951788            0                0                0                0                0                0                51788                          2                                                                                                      0                              
01UN   4014     22012009075876340001312901200922000            0                0                0                0                0                0                22000                          2                                                                                                      0                              
012    1004     13012009075986480001502101200938030            0                0                0                0                0                0                38030                          2                                                                                                      0                              
012    521      220120090773790800012131012009315000           0                0                0                0                0                0                315000                         2                                                                                                      0                              
01UN   336      311220080811181800019302012009274950           0                0                0                0                0                0                274950                         2                                                                                                      0                              
01UN   343      150120090811181800019319012009211500           0                0                0                0                0                0                211500                         2                                                                                                      0                              
01UN   6587     151220080900584100016612012009113288           0                0                0                0                0                0                113288                         2                                                                                                      0                              
01UN   272      230120090943540800016023012009157140           0                0                0                0                0                0                157140                         2                                                                                                      0                              
01UN   273      230120090943540800016023012009157140           0                0                0                0                0                0                157140                         2                                                                                                      0                              
01UN   274      230120090943540800016023012009196425           0                0                0                0                0                0                196425                         2                                                                                                      0                              
01UN   275      230120090943540800016023012009196425           0                0                0                0                0                0                196425                         2                                                                                                      0                              
01UN   276      260120090943540800016026012009196425           0                0                0                0                0                0                196425                         2                                                                                                      0                              
01UN   277      260120090943540800016026012009196425           0                0                0                0                0                0                196425                         2                                                                                                      0                              
01UN   278      290120090943540800016030012009117855           0                0                0                0                0                0                117855                         2                                                                                                      0                              
01UN   279      300120090943540800016030012009196425           0                0                0                0                0                0                196425                         2                                                                                                      0                              
01UN   331      191220080943946200018416012009254523           0                0                0                0                0                0                254523                         2                                                                                                      0                              
01UN   380      220120090943946200018429012009153639           0                0                0                0                0                0                153639                         2                                                                                                      0                              
01UN   1203     18122008094432180001951401200956150            0                0                0                0                0                0                56150                          2                                                                                                      0                              
01UN   1276     05012009094432180001952601200922850            0                0                0                0                0                0                22850                          2                                                                                                      0                              
01UN   1280     0601200909443218000195260120099866             0                0                0                0                0                0                9866                           2                                                                                                      0                              
01UN   1303     09012009094432180001953101200950260            0                0                0                0                0                0                50260                          2                                                                                                      0                              
01UN   1347     14012009094432180001952901200936500            0                0                0                0                0                0                36500                          2                                                                                                      0                              
01UN   1351     15012009094432180001952901200971075            0                0                0                0                0                0                71075                          2                                                                                                      0                              
01UN   1389     21012009094432180001952701200928723            0                0                0                0                0                0                28723                          2                                                                                                      0                              
01UN   1395     21012009094432180001952701200964256            0                0                0                0                0                0                64256                          2                                                                                                      0                              
01UN   1397     210120090944321800019529012009352086           0                0                0                0                0                0                352086                         2                                                                                                      0                              
01UN   1464     30012009094432180001953101200942000            0                0                0                0                0                0                42000                          2                                                                                                      0                              
01UN   28       05012009102331650001672801200915400            0                0                0                0                0                0                15400                          2                                                                                                      0                              
012    19422    2301200922431390900   230120093371594          0                0                0                0                0                0                3371594                        2                                                                                                      0                              
012    19412    1501200928729544904   150120096062640          0                0                0                0                0                0                6062640                        2                                                                                                      0                              
01UN   3067     06012009358204480164821901200962200            0                0                0                0                0                0                62200                          2                                                                                                      0                              
01UN   3079     0801200935820448016482190120097280             0                0                0                0                0                0                7280                           2                                                                                                      0                              
01UN   3082     09012009358204480164821901200951800            0                0                0                0                0                0                51800                          2                                                                                                      0                              
01UN   3087     14012009358204480164822601200914560            0                0                0                0                0                0                14560                          2                                                                                                      0                              
01UN   3102     160120093582044801648222012009300000           0                0                0                0                0                0                300000                         2                                                                                                      0                              
01UN   3104     21012009358204480164822801200963240            0                0                0                0                0                0                63240                          2                                                                                                      0                              
012    19425    3001200939581330968   3001200912188667         0                0                0                0                0                0                12188667                       2                                                                                                      0                              
012    19415    2001200942696054991   200120096920400          0                0                0                0                0                0                6920400                        2                                                                                                      0                              
012    19411    1301200944146906920   13012009473135           0                0                0                0                0                0                473135                         2                                                                                                      0                              
012    19418    2101200946551271987   21012009975955           0                0                0                0                0                0                975955                         2                                                                                                      0                              
01UN   101413   171220084676173000010614012009800000           0                0                0                0                0                0                800000                         2                                                                                                      0                              
012    19414    1501200948676772991   150120098381040          0                0                0                0                0                0                8381040                        2                                                                                                      0                              
01UN   950569   1401200948740351000165210120091876             0                0                0                0                0                0                1876                           2                                                                                                      0                              
01UN   198485   1301200948740351000750210120091912             0                0                0                0                0                0                1912                           2                                                                                                      0                              
01UN   13825    1812200848740351003776120120092633             0                0                0                0                0                0                2633                           2                                                                                                      0                              
01U    14027    2101200950751643000145300120099000000          0                0                0                0                0                0                9000000                        2                                                                                                      0                              
01U    14038    2201200950751643000145300120095400000          0                0                0                0                0                0                5400000                        2                                                                                                      0                              
01UN   14027    210120095075164300014530012009593000           0                0                0                0                0                0                593000                         2                                                                                                      0                              
01UN   14038    220120095075164300014530012009327000           0                0                0                0                0                0                327000                         2                                                                                                      0                              
01UN   14039    220120095075164300014530012009110000           0                0                0                0                0                0                110000                         2                                                                                                      0                              
012    19410    0601200960436026953   0601200946745            0                0                0                0                0                0                46745                          2                                                                                                      0                              
012    19421    2301200960436026953   23012009732338           0                0                0                0                0                0                732338                         2                                                                                                      0                              
01UN   4006     190120096087230600911627012009443193           0                0                0                0                0                0                443193                         2                                                                                                      0                              
012    222875   14012009610726250001532101200927892            0                0                0                0                0                0                27892                          2                                                                                                      0                              
012    19424    3001200961858676991   30012009146183           0                0                0                0                0                0                146183                         2                                                                                                      0                              
012    161038   200120096201403000010429012009684096           0                0                0                0                0                0                684096                         2                                                                                                      0                              
012    161264   210120096201403000010429012009187168           0                0                0                0                0                0                187168                         2                                                                                                      0                              
01UN   165009   090120096485852500677122012009548585           0                0                0                0                0                0                548585                         2                                                                                                      0                              
01UN   6616     26012009675474140001063101200982500            0                0                0                0                0                0                82500                          2                                                                                                      0                              
01UN   3471     130120097345380500016413012009253750           0                0                0                0                0                0                253750                         2                                                                                                      0                              
01UN   3472     130120097345380500016413012009253750           0                0                0                0                0                0                253750                         2                                                                                                      0                              
01UN   3473     130120097345380500016413012009253750           0                0                0                0                0                0                253750                         2                                                                                                      0                              
01UN   3496     140120097345380500016419012009217500           0                0                0                0                0                0                217500                         2                                                                                                      0                              
01UN   3497     140120097345380500016414012009217500           0                0                0                0                0                0                217500                         2                                                                                                      0                              
01UN   3500     14012009734538050001641901200925738            0                0                0                0                0                0                25738                          2                                                                                                      0                              
01UN   3528     190120097345380500016419012009173710           0                0                0                0                0                0                173710                         2                                                                                                      0                              
01UN   3529     190120097345380500016419012009194372           0                0                0                0                0                0                194372                         2                                                                                                      0                              
01UN   3558     210120097345380500016421012009217500           0                0                0                0                0                0                217500                         2                                                                                                      0                              
01UN   3593     260120097345380500016426012009217500           0                0                0                0                0                0                217500                         2                                                                                                      0                              
01UN   3594     260120097345380500016426012009217500           0                0                0                0                0                0                217500                         2                                                                                                      0                              
01UN   3595     260120097345380500016426012009217500           0                0                0                0                0                0                217500                         2                                                                                                      0                              
01UN   3596     260120097345380500016428012009217500           0                0                0                0                0                0                217500                         2                                                                                                      0                              
01UN   3600     260120097345380500016426012009217500           0                0                0                0                0                0                217500                         2                                                                                                      0                              
01UN   3601     260120097345380500016426012009217500           0                0                0                0                0                0                217500                         2                                                                                                      0                              
01UN   3602     260120097345380500016426012009217500           0                0                0                0                0                0                217500                         2                                                                                                      0                              
01UN   3608     260120097345380500016427012009217500           0                0                0                0                0                0                217500                         2                                                                                                      0                              
01UN   3609     260120097345380500016427012009217500           0                0                0                0                0                0                217500                         2                                                                                                      0                              
01UN   3610     260120097345380500016427012009217500           0                0                0                0                0                0                217500                         2                                                                                                      0                              
01UN   3612     270120097345380500016428012009217500           0                0                0                0                0                0                217500                         2                                                                                                      0                              
01UN   3613     270120097345380500016427012009217500           0                0                0                0                0                0                217500                         2                                                                                                      0                              
01UN   3614     270120097345380500016427012009243310           0                0                0                0                0                0                243310                         2                                                                                                      0                              
01UN   3615     270120097345380500016427012009151742           0                0                0                0                0                0                151742                         2                                                                                                      0                              
01UN   3616     27012009734538050001642701200914138            0                0                0                0                0                0                14138                          2                                                                                                      0                              
01UN   3617     270120097345380500016427012009203290           0                0                0                0                0                0                203290                         2                                                                                                      0                              
01UN   3618     270120097345380500016428012009217500           0                0                0                0                0                0                217500                         2                                                                                                      0                              
01UN   3619     270120097345380500016428012009217500           0                0                0                0                0                0                217500                         2                                                                                                      0                              
01UN   3622     270120097345380500016427012009217500           0                0                0                0                0                0                217500                         2                                                                                                      0                              
01UN   3624     280120097345380500016428012009217500           0                0                0                0                0                0                217500                         2                                                                                                      0                              
01UN   3625     280120097345380500016428012009217500           0                0                0                0                0                0                217500                         2                                                                                                      0                              
01UN   3627     280120097345380500016429012009217500           0                0                0                0                0                0                217500                         2                                                                                                      0                              
01UN   3628     280120097345380500016429012009217500           0                0                0                0                0                0                217500                         2                                                                                                      0                              
01UN   3634     290120097345380500016429012009217500           0                0                0                0                0                0                217500                         2                                                                                                      0                              
01UN   3635     290120097345380500016429012009217500           0                0                0                0                0                0                217500                         2                                                                                                      0                              
01UN   3636     290120097345380500016429012009217500           0                0                0                0                0                0                217500                         2                                                                                                      0                              
01UN   3638     290120097345380500016429012009217500           0                0                0                0                0                0                217500                         2                                                                                                      0                              
01UN   3639     290120097345380500016430012009217500           0                0                0                0                0                0                217500                         2                                                                                                      0                              
01UN   3640     290120097345380500016430012009217500           0                0                0                0                0                0                217500                         2                                                                                                      0                              
01UN   3647     300120097345380500016430012009217500           0                0                0                0                0                0                217500                         2                                                                                                      0                              
01UN   3648     300120097345380500016431012009217500           0                0                0                0                0                0                217500                         2                                                                                                      0                              
01UN   3649     300120097345380500016430012009217500           0                0                0                0                0                0                217500                         2                                                                                                      0                              
011    90312    27112008741605240001861201200915712            0                0                0                0                0                0                15712                          2                                                                                                      0                              
011    90378    01122008741605240001861401200912518            0                0                0                0                0                0                12518                          2                                                                                                      0                              
011    90442    08122008741605240001861201200911266            0                0                0                0                0                0                11266                          2                                                                                                      0                              
011    90474    11122008741605240001861201200910178            0                0                0                0                0                0                10178                          2                                                                                                      0                              
011    90511    15122008741605240001861201200910183            0                0                0                0                0                0                10183                          2                                                                                                      0                              
011    90526    1612200874160524000186120120098904             0                0                0                0                0                0                8904                           2                                                                                                      0                              
011    90530    1712200874160524000186120120096561             0                0                0                0                0                0                6561                           2                                                                                                      0                              
011    90541    1712200874160524000186140120099958             0                0                0                0                0                0                9958                           2                                                                                                      0                              
011    90546    1812200874160524000186120120097282             0                0                0                0                0                0                7282                           2                                                                                                      0                              
011    90567    19122008741605240001861401200913615            0                0                0                0                0                0                13615                          2                                                                                                      0                              
011    90580    22122008741605240001861201200913713            0                0                0                0                0                0                13713                          2                                                                                                      0                              
011    90581    2212200874160524000186120120093727             0                0                0                0                0                0                3727                           2                                                                                                      0                              
011    90593    23122008741605240001861401200913485            0                0                0                0                0                0                13485                          2                                                                                                      0                              
011    90627    2912200874160524000186120120093800             0                0                0                0                0                0                3800                           2                                                                                                      0                              
011    90682    0501200974160524000186140120097219             0                0                0                0                0                0                7219                           2                                                                                                      0                              
011    90693    05012009741605240001861401200911675            0                0                0                0                0                0                11675                          2                                                                                                      0                              
011    90722    09012009741605240001861401200910009            0                0                0                0                0                0                10009                          2                                                                                                      0                              
011    90750    12012009741605240001862701200912855            0                0                0                0                0                0                12855                          2                                                                                                      0                              
011    90755    1301200974160524000186140120097198             0                0                0                0                0                0                7198                           2                                                                                                      0                              
011    90761    1301200974160524000186140120095258             0                0                0                0                0                0                5258                           2                                                                                                      0                              
011    90778    15012009741605240001862701200910683            0                0                0                0                0                0                10683                          2                                                                                                      0                              
011    90828    20012009741605240001862701200911283            0                0                0                0                0                0                11283                          2                                                                                                      0                              
011    90836    2001200974160524000186270120092027             0                0                0                0                0                0                2027                           2                                                                                                      0                              
01UN   273774   09012009751562650002632801200916263            0                0                0                0                0                0                16263                          2                                                                                                      0                              
01UN   277048   19012009751562650002632801200916127            0                0                0                0                0                0                16127                          2                                                                                                      0                              
01UN   350850   2801200976528017000188310120095828             0                0                0                0                0                0                5828                           2                                                                                                      0                              
01UN   879239   15012009765357640321852901200971678            0                0                0                0                0                0                71678                          2                                                                                                      0                              
01UN   897834   15122008765357640321850601200971678            0                0                0                0                0                0                71678                          2                                                                                                      0                              
01UN   87550    12122008765646240005271201200933000            0                0                0                0                0                0                33000                          2                                                                                                      0                              
011    3568     13012009767468660001082801200971000            0                0                0                0                0                0                71000                          2                                                                                                      0                              
012    751255   16012009777658400001702601200993800            0                0                0                0                0                0                93800                          2                                                                                                      0                              
01UN   330794   1301200977778892000261210120093046             0                0                0                0                0                0                3046                           2                                                                                                      0                              
01UN   331040   15012009777788920002612101200911830            0                0                0                0                0                0                11830                          2                                                                                                      0                              
01UN   331215   1601200977778892000261260120092962             0                0                0                0                0                0                2962                           2                                                                                                      0                              
01UN   331219   1601200977778892000261260120098471             0                0                0                0                0                0                8471                           2                                                                                                      0                              
01UN   331278   1601200977778892000261260120092074             0                0                0                0                0                0                2074                           2                                                                                                      0                              
01UN   331458   1901200977778892000261270120092955             0                0                0                0                0                0                2955                           2                                                                                                      0                              
01UN   331946   2201200977778892000261290120092080             0                0                0                0                0                0                2080                           2                                                                                                      0                              
01UN   332191   2301200977778892000261290120092300             0                0                0                0                0                0                2300                           2                                                                                                      0                              
01UN   332247   2301200977778892000261290120092528             0                0                0                0                0                0                2528                           2                                                                                                      0                              
011    135774   2301200977856995000464260120092150000          0                0                0                0                0                0                2150000                        2                                                                                                      0                              
011    135778   2301200977856995000464260120092086667          0                0                0                0                0                0                2086667                        2                                                                                                      0                              
011    135815   2601200877856995000464270120091642667          0                0                0                0                0                0                1642667                        2                                                                                                      0                              
011    58445    2301200977856995000898260120092523333          0                0                0                0                0                0                2523333                        2                                                                                                      0                              
011    58446    2301200977856995000898260120092531333          0                0                0                0                0                0                2531333                        2                                                                                                      0                              
011    95580    2701200977856995001789280120092138000          0                0                0                0                0                0                2138000                        2                                                                                                      0                              
011    95583    2701200977856995001789280120092128000          0                0                0                0                0                0                2128000                        2                                                                                                      0                              
011    95588    2701200977856995001789290120092118667          0                0                0                0                0                0                2118667                        2                                                                                                      0                              
011    95616    2801200977856995001789290120092122000          0                0                0                0                0                0                2122000                        2                                                                                                      0                              
011    95649    2801200977856995001789300120092524667          0                0                0                0                0                0                2524667                        2                                                                                                      0                              
01UN   67359    09012009787763660001442601200916414            0                0                0                0                0                0                16414                          2                                                                                                      0                              
01UN   67432    1901200978776366000144270120091500000          0                0                0                0                0                0                1500000                        2                                                                                                      0                              
01UN   1945     130120097944471700018221012009127874           0                0                0                0                0                0                127874                         2                                                                                                      0                              
01UN   32412    311220087962811100010529012009119082           0                0                0                0                0                0                119082                         2                                                                                                      0                              
01UN   1711     1201200980050149000114140120091600000          0                0                0                0                0                0                1600000                        2                                                                                                      0                              
01UN   1712     120120098005014900011422012009631579           0                0                0                0                0                0                631579                         2                                                                                                      0                              
01UN   66811    17122008802210130003911401200931313            0                0                0                0                0                0                31313                          2                                                                                                      0                              
01UN   68167    1601200980221013000391220120092612             0                0                0                0                0                0                2612                           2                                                                                                      0                              
01UN   713771   2701200980227796000159280120093252             0                0                0                0                0                0                3252                           2                                                                                                      0                              
01UN   717002   2601200980227796000159280120092568             0                0                0                0                0                0                2568                           2                                                                                                      0                              
01UN   717334   2701200980227796000159280120093022             0                0                0                0                0                0                3022                           2                                                                                                      0                              
01UN   754208   2601200980227796000159280120092000             0                0                0                0                0                0                2000                           2                                                                                                      0                              
01UN   3245     16012009808040160001962901200994400            0                0                0                0                0                0                94400                          2                                                                                                      0                              
01UN   3252     22012009808040160001962901200946340            0                0                0                0                0                0                46340                          2                                                                                                      0                              
01UN   3256     15122008812162510001002801200955400            0                0                0                0                0                0                55400                          2                                                                                                      0                              
01UN   3365     26012009812162510001003101200996000            0                0                0                0                0                0                96000                          2                                                                                                      0                              
011    2299     160120098190207400011530012009640000           0                0                0                0                0                0                640000                         2                                                                                                      0                              
01UN   252833   16012009820137150001432701200920556            0                0                0                0                0                0                20556                          2                                                                                                      0                              
012    4761     22012009823595890002642901200923200            0                0                0                0                0                0                23200                          2                                                                                                      0                              
01UN   226427   221220088430054000042306012009300000           0                0                0                0                0                0                300000                         2                                                                                                      0                              
01UN   226645   261220088430054000042306012009200000           0                0                0                0                0                0                200000                         2                                                                                                      0                              
01UN   6514     12122008848866390001061201200950000            0                0                0                0                0                0                50000                          2                                                                                                      0                              
01UN   23404    200120098788585100014729012009200000           0                0                0                0                0                0                200000                         2                                                                                                      0                              
01UN   13451    1501200988370945000146150120096810000          0                0                0                0                0                0                6810000                        2                                                                                                      0                              
01UN   13544    260120098837094500014628012009195000           0                0                0                0                0                0                195000                         2                                                                                                      0                              
01UN   13569    3001200988370945000146300120095331000          0                0                0                0                0                0                5331000                        2                                                                                                      0                              
01UN   13570    3001200988370945000146300120095424000          0                0                0                0                0                0                5424000                        2                                                                                                      0                              
012    19419    2101200989699912987   210120091388180          0                0                0                0                0                0                1388180                        2                                                                                                      0                              
012    16214    15012009954332150001022201200930500            0                0                0                0                0                0                30500                          2                                                                                                      0                              
01UN   208756   21012009955917230002082901200912536            0                0                0                0                0                0                12536                          2                                                                                                      0                              
01UN   680169   22122008955917230083651401200910491            0                0                0                0                0                0                10491                          2                                                                                                      0                              
