01UN   53853    13012009002464280001191  98000000000                0                0                0                0                98000000000                0                0                0                0                21012009
011    134791   22012009004729570001301  98000000000                0                0                0                0                98000000000                0                0                0                0                29012009
011    134803   23012009004729570001301  98000000000                0                0                0                0                98000000000                0                0                0                0                29012009
012    19413    1501200900587739916   1  98000000000                0                0                0                0                98000000000                0                0                0                0                15012009
012    19417    2001200900741464918   1  98000000000                0                0                0                0                98000000000                0                0                0                0                20012009
01UN   2935     28012009009211170001081  98000000000                0                0                0                0                98000000000                0                0                0                0                31012009
011    403125   08012009010096810003831  98000000000                0                0                0                0                98000000000                0                0                0                0                22012009
011    403707   16012009010096810003831  98000000000                0                0                0                0                98000000000                0                0                0                0                26012009
012    27315    22012009014082950001001  98000000000                0                0                0                0                98000000000                0                0                0                0                31012009
012    27322    22012009014082950001001  98000000000                0                0                0                0                98000000000                0                0                0                0                31012009
01UN   567      09012009017892580001811  98000000000                0                0                0                0                98000000000                0                0                0                0                29012009
012    19420    2201200903253828913   1  98000000000                0                0                0                0                98000000000                0                0                0                0                22012009
012    19423    3001200903413749978   1  98000000000                0                0                0                0                98000000000                0                0                0                0                30012009
01UN   291013   20012009034797600001111  98000000000                0                0                0                0                98000000000                0                0                0                0                22012009
01UN   291014   20012009034797600001111  98000000000                0                0                0                0                98000000000                0                0                0                0                22012009
01UN   291015   20012009034797600001111  98000000000                0                0                0                0                98000000000                0                0                0                0                22012009
01UN   288439   10012009043688980001061  98000000000                0                0                0                0                98000000000                0                0                0                0                15012009
01UN   288441   10012009043688980001061  98000000000                0                0                0                0                98000000000                0                0                0                0                15012009
01UN   857848   29012009043688980001061  98000000000                0                0                0                0                98000000000                0                0                0                0                30012009
01UN   857850   29012009043688980001061  98000000000                0                0                0                0                98000000000                0                0                0                0                30012009
011    2590     13012009044407240018551  98000000000                0                0                0                0                98000000000                0                0                0                0                14012009
011    2591     13012009044407240018551  98000000000                0                0                0                0                98000000000                0                0                0                0                14012009
011    2592     13012009044407240018551  98000000000                0                0                0                0                98000000000                0                0                0                0                14012009
011    2595     13012009044407240018551  98000000000                0                0                0                0                98000000000                0                0                0                0                14012009
011    2597     14012009044407240018551  98000000000                0                0                0                0                98000000000                0                0                0                0                15012009
011    2598     14012009044407240018551  98000000000                0                0                0                0                98000000000                0                0                0                0                15012009
011    2600     14012009044407240018551  98000000000                0                0                0                0                98000000000                0                0                0                0                15012009
011    2603     15012009044407240018551  98000000000                0                0                0                0                98000000000                0                0                0                0                21012009
011    2605     15012009044407240018551  98000000000                0                0                0                0                98000000000                0                0                0                0                21012009
011    2606     15012009044407240018551  98000000000                0                0                0                0                98000000000                0                0                0                0                21012009
011    2608     15012009044407240018551  98000000000                0                0                0                0                98000000000                0                0                0                0                19012009
011    2609     16012009044407240018551  98000000000                0                0                0                0                98000000000                0                0                0                0                19012009
011    2610     16012009044407240018551  98000000000                0                0                0                0                98000000000                0                0                0                0                19012009
011    2611     16012009044407240018551  98000000000                0                0                0                0                98000000000                0                0                0                0                16012009
011    2612     16012009044407240018551  98000000000                0                0                0                0                98000000000                0                0                0                0                16012009
011    2613     16012009044407240018551  98000000000                0                0                0                0                98000000000                0                0                0                0                16012009
011    2614     16012009044407240018551  98000000000                0                0                0                0                98000000000                0                0                0                0                21012009
011    2616     17012009044407240018551  98000000000                0                0                0                0                98000000000                0                0                0                0                19012009
011    2617     17012009044407240018551  98000000000                0                0                0                0                98000000000                0                0                0                0                19012009
011    2618     17012009044407240018551  98000000000                0                0                0                0                98000000000                0                0                0                0                19012009
011    2619     17012009044407240018551  98000000000                0                0                0                0                98000000000                0                0                0                0                19012009
011    2620     17012009044407240018551  98000000000                0                0                0                0                98000000000                0                0                0                0                19012009
011    2621     17012009044407240018551  98000000000                0                0                0                0                98000000000                0                0                0                0                19012009
011    2622     17012009044407240018551  98000000000                0                0                0                0                98000000000                0                0                0                0                19012009
011    2623     19012009044407240018551  98000000000                0                0                0                0                98000000000                0                0                0                0                20012009
011    2624     19012009044407240018551  98000000000                0                0                0                0                98000000000                0                0                0                0                20012009
011    2625     19012009044407240018551  98000000000                0                0                0                0                98000000000                0                0                0                0                20012009
011    2626     19012009044407240018551  98000000000                0                0                0                0                98000000000                0                0                0                0                20012009
011    2627     19012009044407240018551  98000000000                0                0                0                0                98000000000                0                0                0                0                21012009
011    2628     19012009044407240018551  98000000000                0                0                0                0                98000000000                0                0                0                0                21012009
011    2634     28012009044407240018551  98000000000                0                0                0                0                98000000000                0                0                0                0                28012009
011    2637     29012009044407240018551  98000000000                0                0                0                0                98000000000                0                0                0                0                29012009
011    2641     31012009044407240018551  98000000000                0                0                0                0                98000000000                0                0                0                0                31012009
011    3476     16012009045075430001501  98000000000                0                0                0                0                98000000000                0                0                0                0                22012009
011    3521     29012009045075430001501  98000000000                0                0                0                0                98000000000                0                0                0                0                31012009
011    28074    12012009048146570001431  98000000000                0                0                0                0                98000000000                0                0                0                0                13012009
011    28085    14012009048146570001431  98000000000                0                0                0                0                98000000000                0                0                0                0                14012009
01UN   2456     21012009049492910001101  98000000000                0                0                0                0                98000000000                0                0                0                0                30012009
01UN   2647     06012009050316630001971  98000000000                0                0                0                0                98000000000                0                0                0                0                28012009
011    1910     09012009052650730001291  98000000000                0                0                0                0                98000000000                0                0                0                0                16012009
01UN   180      19122008054131500001401  98000000000                0                0                0                0                98000000000                0                0                0                0                19012009
01UN   18399    14012009056112820001871  98000000000                0                0                0                0                98000000000                0                0                0                0                29012009
01UN   18489    23012009056112820001871  98000000000                0                0                0                0                98000000000                0                0                0                0                30012009
01UN   4142     07012009056487590001071  98000000000                0                0                0                0                98000000000                0                0                0                0                28012009
011    15056    13012009059135840001001  98000000000                0                0                0                0                98000000000                0                0                0                0                21012009
011    15057    13012009059135840001001  98000000000                0                0                0                0                98000000000                0                0                0                0                21012009
01UN   22570    12012009060852550001801  98000000000                0                0                0                0                98000000000                0                0                0                0                12012009
01UN   22585    13012009060852550001801  98000000000                0                0                0                0                98000000000                0                0                0                0                26012009
01UN   294      20012009063179850001601  98000000000                0                0                0                0                98000000000                0                0                0                0                27012009
01UN   1541     07012009068887090001511  98000000000                0                0                0                0                98000000000                0                0                0                0                12012009
01UN   1542     12012009068887090001511  98000000000                0                0                0                0                98000000000                0                0                0                0                20012009
011    428      15012009070146690002621  98000000000                0                0                0                0                98000000000                0                0                0                0                20012009
012    693      21012009073903320001791  98000000000                0                0                0                0                98000000000                0                0                0                0                30012009
012    694      22012009073903320001791  98000000000                0                0                0                0                98000000000                0                0                0                0                30012009
01UN   16779    27012009074110760001591  98000000000                0                0                0                0                98000000000                0                0                0                0                31012009
01UN   4014     22012009075876340001311  98000000000                0                0                0                0                98000000000                0                0                0                0                29012009
012    1004     13012009075986480001501  98000000000                0                0                0                0                98000000000                0                0                0                0                21012009
012    521      22012009077379080001211  98000000000                0                0                0                0                98000000000                0                0                0                0                31012009
01UN   336      31122008081118180001931  98000000000                0                0                0                0                98000000000                0                0                0                0                02012009
01UN   343      15012009081118180001931  98000000000                0                0                0                0                98000000000                0                0                0                0                19012009
01UN   6587     15122008090058410001661  98000000000                0                0                0                0                98000000000                0                0                0                0                12012009
01UN   272      23012009094354080001601  98000000000                0                0                0                0                98000000000                0                0                0                0                23012009
01UN   273      23012009094354080001601  98000000000                0                0                0                0                98000000000                0                0                0                0                23012009
01UN   274      23012009094354080001601  98000000000                0                0                0                0                98000000000                0                0                0                0                23012009
01UN   275      23012009094354080001601  98000000000                0                0                0                0                98000000000                0                0                0                0                23012009
01UN   276      26012009094354080001601  98000000000                0                0                0                0                98000000000                0                0                0                0                26012009
01UN   277      26012009094354080001601  98000000000                0                0                0                0                98000000000                0                0                0                0                26012009
01UN   278      29012009094354080001601  98000000000                0                0                0                0                98000000000                0                0                0                0                30012009
01UN   279      30012009094354080001601  98000000000                0                0                0                0                98000000000                0                0                0                0                30012009
01UN   331      19122008094394620001841  98000000000                0                0                0                0                98000000000                0                0                0                0                16012009
01UN   380      22012009094394620001841  98000000000                0                0                0                0                98000000000                0                0                0                0                29012009
01UN   1203     18122008094432180001951  98000000000                0                0                0                0                98000000000                0                0                0                0                14012009
01UN   1276     05012009094432180001951  98000000000                0                0                0                0                98000000000                0                0                0                0                26012009
01UN   1280     06012009094432180001951  98000000000                0                0                0                0                98000000000                0                0                0                0                26012009
01UN   1303     09012009094432180001951  98000000000                0                0                0                0                98000000000                0                0                0                0                31012009
01UN   1347     14012009094432180001951  98000000000                0                0                0                0                98000000000                0                0                0                0                29012009
01UN   1351     15012009094432180001951  98000000000                0                0                0                0                98000000000                0                0                0                0                29012009
01UN   1389     21012009094432180001951  98000000000                0                0                0                0                98000000000                0                0                0                0                27012009
01UN   1395     21012009094432180001951  98000000000                0                0                0                0                98000000000                0                0                0                0                27012009
01UN   1397     21012009094432180001951  98000000000                0                0                0                0                98000000000                0                0                0                0                29012009
01UN   1464     30012009094432180001951  98000000000                0                0                0                0                98000000000                0                0                0                0                31012009
01UN   28       05012009102331650001671  98000000000                0                0                0                0                98000000000                0                0                0                0                28012009
012    19422    2301200922431390900   1  98000000000                0                0                0                0                98000000000                0                0                0                0                23012009
012    19412    1501200928729544904   1  98000000000                0                0                0                0                98000000000                0                0                0                0                15012009
01UN   3067     06012009358204480164821  98000000000                0                0                0                0                98000000000                0                0                0                0                19012009
01UN   3079     08012009358204480164821  98000000000                0                0                0                0                98000000000                0                0                0                0                19012009
01UN   3082     09012009358204480164821  98000000000                0                0                0                0                98000000000                0                0                0                0                19012009
01UN   3087     14012009358204480164821  98000000000                0                0                0                0                98000000000                0                0                0                0                26012009
01UN   3102     16012009358204480164821  98000000000                0                0                0                0                98000000000                0                0                0                0                22012009
01UN   3104     21012009358204480164821  98000000000                0                0                0                0                98000000000                0                0                0                0                28012009
012    19425    3001200939581330968   1  98000000000                0                0                0                0                98000000000                0                0                0                0                30012009
012    19415    2001200942696054991   1  98000000000                0                0                0                0                98000000000                0                0                0                0                20012009
012    19411    1301200944146906920   1  98000000000                0                0                0                0                98000000000                0                0                0                0                13012009
012    19418    2101200946551271987   1  98000000000                0                0                0                0                98000000000                0                0                0                0                21012009
01UN   101413   17122008467617300001061  98000000000                0                0                0                0                98000000000                0                0                0                0                14012009
012    19414    1501200948676772991   1  98000000000                0                0                0                0                98000000000                0                0                0                0                15012009
01UN   950569   14012009487403510001651  98000000000                0                0                0                0                98000000000                0                0                0                0                21012009
01UN   198485   13012009487403510007501  98000000000                0                0                0                0                98000000000                0                0                0                0                21012009
01UN   13825    18122008487403510037761  98000000000                0                0                0                0                98000000000                0                0                0                0                12012009
01U    14027    21012009507516430001451  98000000000                0                0                0                0                98000000000                0                0                0                0                30012009
01U    14038    22012009507516430001451  98000000000                0                0                0                0                98000000000                0                0                0                0                30012009
01UN   14027    21012009507516430001451  98000000000                0                0                0                0                98000000000                0                0                0                0                30012009
01UN   14038    22012009507516430001451  98000000000                0                0                0                0                98000000000                0                0                0                0                30012009
01UN   14039    22012009507516430001451  98000000000                0                0                0                0                98000000000                0                0                0                0                30012009
012    19410    0601200960436026953   1  98000000000                0                0                0                0                98000000000                0                0                0                0                06012009
012    19421    2301200960436026953   1  98000000000                0                0                0                0                98000000000                0                0                0                0                23012009
01UN   4006     19012009608723060091161  98000000000                0                0                0                0                98000000000                0                0                0                0                27012009
012    222875   14012009610726250001531  98000000000                0                0                0                0                98000000000                0                0                0                0                21012009
012    19424    3001200961858676991   1  98000000000                0                0                0                0                98000000000                0                0                0                0                30012009
012    161038   20012009620140300001041  98000000000                0                0                0                0                98000000000                0                0                0                0                29012009
012    161264   21012009620140300001041  98000000000                0                0                0                0                98000000000                0                0                0                0                29012009
01UN   165009   09012009648585250067711  98000000000                0                0                0                0                98000000000                0                0                0                0                22012009
01UN   6616     26012009675474140001061  98000000000                0                0                0                0                98000000000                0                0                0                0                31012009
01UN   3471     13012009734538050001641  98000000000                0                0                0                0                98000000000                0                0                0                0                13012009
01UN   3472     13012009734538050001641  98000000000                0                0                0                0                98000000000                0                0                0                0                13012009
01UN   3473     13012009734538050001641  98000000000                0                0                0                0                98000000000                0                0                0                0                13012009
01UN   3496     14012009734538050001641  98000000000                0                0                0                0                98000000000                0                0                0                0                19012009
01UN   3497     14012009734538050001641  98000000000                0                0                0                0                98000000000                0                0                0                0                14012009
01UN   3500     14012009734538050001641  98000000000                0                0                0                0                98000000000                0                0                0                0                19012009
01UN   3528     19012009734538050001641  98000000000                0                0                0                0                98000000000                0                0                0                0                19012009
01UN   3529     19012009734538050001641  98000000000                0                0                0                0                98000000000                0                0                0                0                19012009
01UN   3558     21012009734538050001641  98000000000                0                0                0                0                98000000000                0                0                0                0                21012009
01UN   3593     26012009734538050001641  98000000000                0                0                0                0                98000000000                0                0                0                0                26012009
01UN   3594     26012009734538050001641  98000000000                0                0                0                0                98000000000                0                0                0                0                26012009
01UN   3595     26012009734538050001641  98000000000                0                0                0                0                98000000000                0                0                0                0                26012009
01UN   3596     26012009734538050001641  98000000000                0                0                0                0                98000000000                0                0                0                0                28012009
01UN   3600     26012009734538050001641  98000000000                0                0                0                0                98000000000                0                0                0                0                26012009
01UN   3601     26012009734538050001641  98000000000                0                0                0                0                98000000000                0                0                0                0                26012009
01UN   3602     26012009734538050001641  98000000000                0                0                0                0                98000000000                0                0                0                0                26012009
01UN   3608     26012009734538050001641  98000000000                0                0                0                0                98000000000                0                0                0                0                27012009
01UN   3609     26012009734538050001641  98000000000                0                0                0                0                98000000000                0                0                0                0                27012009
01UN   3610     26012009734538050001641  98000000000                0                0                0                0                98000000000                0                0                0                0                27012009
01UN   3612     27012009734538050001641  98000000000                0                0                0                0                98000000000                0                0                0                0                28012009
01UN   3613     27012009734538050001641  98000000000                0                0                0                0                98000000000                0                0                0                0                27012009
01UN   3614     27012009734538050001641  98000000000                0                0                0                0                98000000000                0                0                0                0                27012009
01UN   3615     27012009734538050001641  98000000000                0                0                0                0                98000000000                0                0                0                0                27012009
01UN   3616     27012009734538050001641  98000000000                0                0                0                0                98000000000                0                0                0                0                27012009
01UN   3617     27012009734538050001641  98000000000                0                0                0                0                98000000000                0                0                0                0                27012009
01UN   3618     27012009734538050001641  98000000000                0                0                0                0                98000000000                0                0                0                0                28012009
01UN   3619     27012009734538050001641  98000000000                0                0                0                0                98000000000                0                0                0                0                28012009
01UN   3622     27012009734538050001641  98000000000                0                0                0                0                98000000000                0                0                0                0                27012009
01UN   3624     28012009734538050001641  98000000000                0                0                0                0                98000000000                0                0                0                0                28012009
01UN   3625     28012009734538050001641  98000000000                0                0                0                0                98000000000                0                0                0                0                28012009
01UN   3627     28012009734538050001641  98000000000                0                0                0                0                98000000000                0                0                0                0                29012009
01UN   3628     28012009734538050001641  98000000000                0                0                0                0                98000000000                0                0                0                0                29012009
01UN   3634     29012009734538050001641  98000000000                0                0                0                0                98000000000                0                0                0                0                29012009
01UN   3635     29012009734538050001641  98000000000                0                0                0                0                98000000000                0                0                0                0                29012009
01UN   3636     29012009734538050001641  98000000000                0                0                0                0                98000000000                0                0                0                0                29012009
01UN   3638     29012009734538050001641  98000000000                0                0                0                0                98000000000                0                0                0                0                29012009
01UN   3639     29012009734538050001641  98000000000                0                0                0                0                98000000000                0                0                0                0                30012009
01UN   3640     29012009734538050001641  98000000000                0                0                0                0                98000000000                0                0                0                0                30012009
01UN   3647     30012009734538050001641  98000000000                0                0                0                0                98000000000                0                0                0                0                30012009
01UN   3648     30012009734538050001641  98000000000                0                0                0                0                98000000000                0                0                0                0                31012009
01UN   3649     30012009734538050001641  98000000000                0                0                0                0                98000000000                0                0                0                0                30012009
011    90312    27112008741605240001861  98000000000                0                0                0                0                98000000000                0                0                0                0                12012009
011    90378    01122008741605240001861  98000000000                0                0                0                0                98000000000                0                0                0                0                14012009
011    90442    08122008741605240001861  98000000000                0                0                0                0                98000000000                0                0                0                0                12012009
011    90474    11122008741605240001861  98000000000                0                0                0                0                98000000000                0                0                0                0                12012009
011    90511    15122008741605240001861  98000000000                0                0                0                0                98000000000                0                0                0                0                12012009
011    90526    16122008741605240001861  98000000000                0                0                0                0                98000000000                0                0                0                0                12012009
011    90530    17122008741605240001861  98000000000                0                0                0                0                98000000000                0                0                0                0                12012009
011    90541    17122008741605240001861  98000000000                0                0                0                0                98000000000                0                0                0                0                14012009
011    90546    18122008741605240001861  98000000000                0                0                0                0                98000000000                0                0                0                0                12012009
011    90567    19122008741605240001861  98000000000                0                0                0                0                98000000000                0                0                0                0                14012009
011    90580    22122008741605240001861  98000000000                0                0                0                0                98000000000                0                0                0                0                12012009
011    90581    22122008741605240001861  98000000000                0                0                0                0                98000000000                0                0                0                0                12012009
011    90593    23122008741605240001861  98000000000                0                0                0                0                98000000000                0                0                0                0                14012009
011    90627    29122008741605240001861  98000000000                0                0                0                0                98000000000                0                0                0                0                12012009
011    90682    05012009741605240001861  98000000000                0                0                0                0                98000000000                0                0                0                0                14012009
011    90693    05012009741605240001861  98000000000                0                0                0                0                98000000000                0                0                0                0                14012009
011    90722    09012009741605240001861  98000000000                0                0                0                0                98000000000                0                0                0                0                14012009
011    90750    12012009741605240001861  98000000000                0                0                0                0                98000000000                0                0                0                0                27012009
011    90755    13012009741605240001861  98000000000                0                0                0                0                98000000000                0                0                0                0                14012009
011    90761    13012009741605240001861  98000000000                0                0                0                0                98000000000                0                0                0                0                14012009
011    90778    15012009741605240001861  98000000000                0                0                0                0                98000000000                0                0                0                0                27012009
011    90828    20012009741605240001861  98000000000                0                0                0                0                98000000000                0                0                0                0                27012009
011    90836    20012009741605240001861  98000000000                0                0                0                0                98000000000                0                0                0                0                27012009
01UN   273774   09012009751562650002631  98000000000                0                0                0                0                98000000000                0                0                0                0                28012009
01UN   277048   19012009751562650002631  98000000000                0                0                0                0                98000000000                0                0                0                0                28012009
01UN   350850   28012009765280170001881  98000000000                0                0                0                0                98000000000                0                0                0                0                31012009
01UN   879239   15012009765357640321851  98000000000                0                0                0                0                98000000000                0                0                0                0                29012009
01UN   897834   15122008765357640321851  98000000000                0                0                0                0                98000000000                0                0                0                0                06012009
01UN   87550    12122008765646240005271  98000000000                0                0                0                0                98000000000                0                0                0                0                12012009
011    3568     13012009767468660001081  98000000000                0                0                0                0                98000000000                0                0                0                0                28012009
012    751255   16012009777658400001701  98000000000                0                0                0                0                98000000000                0                0                0                0                26012009
01UN   330794   13012009777788920002611  98000000000                0                0                0                0                98000000000                0                0                0                0                21012009
01UN   331040   15012009777788920002611  98000000000                0                0                0                0                98000000000                0                0                0                0                21012009
01UN   331215   16012009777788920002611  98000000000                0                0                0                0                98000000000                0                0                0                0                26012009
01UN   331219   16012009777788920002611  98000000000                0                0                0                0                98000000000                0                0                0                0                26012009
01UN   331278   16012009777788920002611  98000000000                0                0                0                0                98000000000                0                0                0                0                26012009
01UN   331458   19012009777788920002611  98000000000                0                0                0                0                98000000000                0                0                0                0                27012009
01UN   331946   22012009777788920002611  98000000000                0                0                0                0                98000000000                0                0                0                0                29012009
01UN   332191   23012009777788920002611  98000000000                0                0                0                0                98000000000                0                0                0                0                29012009
01UN   332247   23012009777788920002611  98000000000                0                0                0                0                98000000000                0                0                0                0                29012009
011    135774   23012009778569950004641  98000000000                0                0                0                0                98000000000                0                0                0                0                26012009
011    135778   23012009778569950004641  98000000000                0                0                0                0                98000000000                0                0                0                0                26012009
011    135815   26012008778569950004641  98000000000                0                0                0                0                98000000000                0                0                0                0                27012009
011    58445    23012009778569950008981  98000000000                0                0                0                0                98000000000                0                0                0                0                26012009
011    58446    23012009778569950008981  98000000000                0                0                0                0                98000000000                0                0                0                0                26012009
011    95580    27012009778569950017891  98000000000                0                0                0                0                98000000000                0                0                0                0                28012009
011    95583    27012009778569950017891  98000000000                0                0                0                0                98000000000                0                0                0                0                28012009
011    95588    27012009778569950017891  98000000000                0                0                0                0                98000000000                0                0                0                0                29012009
011    95616    28012009778569950017891  98000000000                0                0                0                0                98000000000                0                0                0                0                29012009
011    95649    28012009778569950017891  98000000000                0                0                0                0                98000000000                0                0                0                0                30012009
01UN   67359    09012009787763660001441  98000000000                0                0                0                0                98000000000                0                0                0                0                26012009
01UN   67432    19012009787763660001441  98000000000                0                0                0                0                98000000000                0                0                0                0                27012009
01UN   1945     13012009794447170001821  98000000000                0                0                0                0                98000000000                0                0                0                0                21012009
01UN   32412    31122008796281110001051  98000000000                0                0                0                0                98000000000                0                0                0                0                29012009
01UN   1711     12012009800501490001141  98000000000                0                0                0                0                98000000000                0                0                0                0                14012009
01UN   1712     12012009800501490001141  98000000000                0                0                0                0                98000000000                0                0                0                0                22012009
01UN   66811    17122008802210130003911  98000000000                0                0                0                0                98000000000                0                0                0                0                14012009
01UN   68167    16012009802210130003911  98000000000                0                0                0                0                98000000000                0                0                0                0                22012009
01UN   713771   27012009802277960001591  98000000000                0                0                0                0                98000000000                0                0                0                0                28012009
01UN   717002   26012009802277960001591  98000000000                0                0                0                0                98000000000                0                0                0                0                28012009
01UN   717334   27012009802277960001591  98000000000                0                0                0                0                98000000000                0                0                0                0                28012009
01UN   754208   26012009802277960001591  98000000000                0                0                0                0                98000000000                0                0                0                0                28012009
01UN   3245     16012009808040160001961  98000000000                0                0                0                0                98000000000                0                0                0                0                29012009
01UN   3252     22012009808040160001961  98000000000                0                0                0                0                98000000000                0                0                0                0                29012009
01UN   3256     15122008812162510001001  98000000000                0                0                0                0                98000000000                0                0                0                0                28012009
01UN   3365     26012009812162510001001  98000000000                0                0                0                0                98000000000                0                0                0                0                31012009
011    2299     16012009819020740001151  98000000000                0                0                0                0                98000000000                0                0                0                0                30012009
01UN   252833   16012009820137150001431  98000000000                0                0                0                0                98000000000                0                0                0                0                27012009
012    4761     22012009823595890002641  98000000000                0                0                0                0                98000000000                0                0                0                0                29012009
01UN   226427   22122008843005400004231  98000000000                0                0                0                0                98000000000                0                0                0                0                06012009
01UN   226645   26122008843005400004231  98000000000                0                0                0                0                98000000000                0                0                0                0                06012009
01UN   6514     12122008848866390001061  98000000000                0                0                0                0                98000000000                0                0                0                0                12012009
01UN   23404    20012009878858510001471  98000000000                0                0                0                0                98000000000                0                0                0                0                29012009
01UN   13451    15012009883709450001461  98000000000                0                0                0                0                98000000000                0                0                0                0                15012009
01UN   13544    26012009883709450001461  98000000000                0                0                0                0                98000000000                0                0                0                0                28012009
01UN   13569    30012009883709450001461  98000000000                0                0                0                0                98000000000                0                0                0                0                30012009
01UN   13570    30012009883709450001461  98000000000                0                0                0                0                98000000000                0                0                0                0                30012009
012    19419    2101200989699912987   1  98000000000                0                0                0                0                98000000000                0                0                0                0                21012009
012    16214    15012009954332150001021  98000000000                0                0                0                0                98000000000                0                0                0                0                22012009
01UN   208756   21012009955917230002081  98000000000                0                0                0                0                98000000000                0                0                0                0                29012009
01UN   680169   22122008955917230083651  98000000000                0                0                0                0                98000000000                0                0                0                0                14012009
