011    42874    220120091  07000000000                0                07000000000                0                22012009
011    42878    290120091  07000000000                0                07000000000                0                29012009
011    42890    300120091  07000000000                0                07000000000                0                30012009
011    42893    300120091  07000000000                0                07000000000                0                30012009
011    42833    130120091  07000000000                0                07000000000                0                13012009
011    42846    160120091  07000000000                0                07000000000                0                16012009
011    42889    300120091  07000000000                0                07000000000                0                30012009
011    42906    310120091  07000000000                0                07000000000                0                31012009
011    42907    310120091  07000000000                0                07000000000                0                31012009
011    42872    220120091  07000000000                0                07000000000                0                22012009
011    42843    160120091  07000000000                0                07000000000                0                16012009
011    42832    130120091  07000000000                0                07000000000                0                13012009
011    42824    060120091  07000000000                0                07000000000                0                06012009
011    42888    300120091  07000000000                0                07000000000                0                30012009
011    42822    060120091  07000000000                0                07000000000                0                06012009
011    42825    080120091  07000000000                0                07000000000                0                08012009
011    42823    060120091  07000000000                0                07000000000                0                06012009
011    42883    300120091  07000000000                0                07000000000                0                30012009
011    42884    300120091  07000000000                0                07000000000                0                30012009
011    42885    300120091  07000000000                0                07000000000                0                30012009
011    42886    300120091  07000000000                0                07000000000                0                30012009
011    42887    300120091  07000000000                0                07000000000                0                30012009
011    42891    300120091  07000000000                0                07000000000                0                30012009
011    42892    300120091  07000000000                0                07000000000                0                30012009
011    42894    300120091  07000000000                0                07000000000                0                30012009
011    42895    300120091  07000000000                0                07000000000                0                30012009
011    42896    300120091  07000000000                0                07000000000                0                30012009
011    42897    310120091  07000000000                0                07000000000                0                31012009
011    42898    310120091  07000000000                0                07000000000                0                31012009
011    42899    310120091  07000000000                0                07000000000                0                31012009
011    42900    310120091  07000000000                0                07000000000                0                31012009
011    42901    310120091  07000000000                0                07000000000                0                31012009
011    42879    290120091  07000000000                0                07000000000                0                29012009
011    42807    020120091  07000000000                0                07000000000                0                02012009
011    42808    020120091  07000000000                0                07000000000                0                02012009
011    42809    020120091  07000000000                0                07000000000                0                02012009
011    42810    020120091  07000000000                0                07000000000                0                02012009
011    42811    020120091  07000000000                0                07000000000                0                02012009
011    42812    020120091  07000000000                0                07000000000                0                02012009
011    42813    020120091  07000000000                0                07000000000                0                02012009
011    42814    020120091  07000000000                0                07000000000                0                02012009
011    42815    020120091  07000000000                0                07000000000                0                02012009
011    42816    020120091  07000000000                0                07000000000                0                02012009
011    42817    050120091  07000000000                0                07000000000                0                05012009
011    42818    050120091  07000000000                0                07000000000                0                05012009
011    42819    050120091  07000000000                0                07000000000                0                05012009
011    42820    050120091  07000000000                0                07000000000                0                05012009
011    42821    050120091  07000000000                0                07000000000                0                05012009
011    42828    090120091  07000000000                0                07000000000                0                09012009
011    42829    090120091  07000000000                0                07000000000                0                09012009
011    42834    140120091  07000000000                0                07000000000                0                14012009
011    42835    140120091  07000000000                0                07000000000                0                14012009
011    42836    140120091  07000000000                0                07000000000                0                14012009
011    42837    140120091  07000000000                0                07000000000                0                14012009
011    42838    150120091  07000000000                0                07000000000                0                15012009
011    42839    150120091  07000000000                0                07000000000                0                15012009
011    42840    150120091  07000000000                0                07000000000                0                15012009
011    42844    160120091  07000000000                0                07000000000                0                16012009
011    42845    160120091  07000000000                0                07000000000                0                16012009
011    42847    160120091  07000000000                0                07000000000                0                16012009
011    42848    190120091  07000000000                0                07000000000                0                19012009
011    42849    190120091  07000000000                0                07000000000                0                19012009
011    42850    190120091  07000000000                0                07000000000                0                19012009
011    42851    190120091  07000000000                0                07000000000                0                19012009
011    42852    190120091  07000000000                0                07000000000                0                19012009
011    42853    190120091  07000000000                0                07000000000                0                19012009
011    42854    190120091  07000000000                0                07000000000                0                19012009
011    42855    190120091  07000000000                0                07000000000                0                19012009
011    42856    190120091  07000000000                0                07000000000                0                19012009
011    42859    190120091  07000000000                0                07000000000                0                19012009
011    42860    200120091  07000000000                0                07000000000                0                20012009
011    42861    200120091  07000000000                0                07000000000                0                20012009
011    42862    200120091  07000000000                0                07000000000                0                20012009
011    42863    200120091  07000000000                0                07000000000                0                20012009
011    42864    210120091  07000000000                0                07000000000                0                21012009
011    42865    210120091  07000000000                0                07000000000                0                21012009
011    42866    210120091  07000000000                0                07000000000                0                21012009
011    42867    210120091  07000000000                0                07000000000                0                21012009
011    42868    210120091  07000000000                0                07000000000                0                21012009
011    42869    210120091  07000000000                0                07000000000                0                21012009
011    42870    210120091  07000000000                0                07000000000                0                21012009
011    42871    210120091  07000000000                0                07000000000                0                21012009
011    42902    310120091  07000000000                0                07000000000                0                31012009
011    42857    190120091  07000000000                0                07000000000                0                19012009
011    42905    310120091  07000000000                0                07000000000                0                31012009
011    42904    310120091  07000000000                0                07000000000                0                31012009
011    42903    310120091  07000000000                0                07000000000                0                31012009
011    42877    280120091  07000000000                0                07000000000                0                28012009
011    42831    130120091  07000000000                0                07000000000                0                13012009
011    42826    080120091  07000000000                0                07000000000                0                08012009
011    42827    080120091  07000000000                0                07000000000                0                08012009
011    42830    090120091  07000000000                0                07000000000                0                09012009
011    42842    150120091  07000000000                0                07000000000                0                15012009
011    42875    230120091  07000000000                0                07000000000                0                23012009
011    42876    280120091  07000000000                0                07000000000                0                28012009
011    42880    290120091  07000000000                0                07000000000                0                29012009
011    42881    300120091  07000000000                0                07000000000                0                30012009
011    42882    300120091  07000000000                0                07000000000                0                30012009
011    42841    150120091  07000000000                0                07000000000                0                15012009
011    42873    220120091  07000000000                0                07000000000                0                22012009
011    42858    190120091  07000000000                0                07000000000                0                19012009
